# File generated by CMD 2.7 (http://stev.oapd.inaf.it/cmd) on Thu May 14 15:38:46 CEST 2015
# PARSEC isochrones, release v1.2S
# Basic references: Bressan et al. (2012), MNRAS, 427, 127 + Chen et al. (2014), MNRAS, 444, 2525 + Tang et al. (2014), MNRAS, 445, 4287
# Warning: the TP-AGB phase is not included! TP-AGB tracks are in preparation by Marigo et al.
# Photometric system:  2MASS <i>JHK</i><sub>s</sub>
# Using NBC version of bolometric corrections as in Chen et al. (2014), MNRAS, 444, 2525
# BCs of Carbon stars derive from Aringer et al. (2009, A&A 503, 913)
# O-rich circumstellar dust ignored
# C-rich circumstellar dust ignored
# IMF: Chabrier (2001) lognormal 
# On RGB, assumed Reimers mass loss with efficiency eta=0.2
# Kind of output: isochrone tables
#	Isochrone  Z = 0.02810	Y = 0.29910	[M/H] = 0.305	eta_R = 0.200	Age = 	1.0000e+10 yr
#      Z	log(age/yr)	M_ini   	M_act	logL/Lo	logTe	logG	mbol    J       H       Ks	int_IMF	stage
	0.028100	10.0000	0.09838632	0.0984	-3.3041	3.3663	5.1521	13.030	10.796	10.219	9.868	1.55449796	1
	0.028100	10.0000	0.10437334	0.1044	-3.2269	3.3755	5.1375	12.837	10.623	10.049	9.702	1.61221671	1
	0.028100	10.0000	0.11677263	0.1168	-3.0802	3.3931	5.1098	12.471	10.294	9.725	9.386	1.72140813	1
	0.028100	10.0000	0.13677263	0.1368	-2.8933	3.4137	5.0741	12.003	9.872	9.308	8.979	1.87367761	1
	0.028100	10.0000	0.14783570	0.1478	-2.8087	3.4224	5.0583	11.792	9.679	9.117	8.793	1.94728971	1
	0.028100	10.0000	0.15677263	0.1568	-2.7449	3.4290	5.0464	11.632	9.534	8.974	8.653	2.00221372	1
	0.028100	10.0000	0.19354527	0.1935	-2.5295	3.4503	5.0074	11.094	9.040	8.480	8.175	2.19305611	1
	0.028100	10.0000	0.24193159	0.2419	-2.3180	3.4668	4.9588	10.565	8.549	7.986	7.695	2.38169718	1
	0.028100	10.0000	0.29193157	0.2919	-2.1398	3.4798	4.9141	10.119	8.132	7.565	7.288	2.52745199	1
	0.028100	10.0000	0.30912074	0.3091	-2.0849	3.4836	4.8993	9.982	8.004	7.436	7.162	2.56922126	1
	0.028100	10.0000	0.34193158	0.3419	-1.9876	3.4903	4.8728	9.739	7.778	7.205	6.938	2.63980389	1
	0.028100	10.0000	0.39193159	0.3919	-1.8463	3.5014	4.8351	9.386	7.450	6.866	6.612	2.72868776	1
	0.028100	10.0000	0.44999999	0.4500	-1.6774	3.5163	4.7856	8.963	7.064	6.463	6.223	2.81098008	1
	0.028100	10.0000	0.46409801	0.4641	-1.6339	3.5204	4.7721	8.855	6.967	6.359	6.123	2.82826734	1
	0.028100	10.0000	0.50000000	0.5000	-1.5290	3.5304	4.7396	8.593	6.729	6.107	5.879	2.86847806	1
	0.028100	10.0000	0.55000001	0.5500	-1.3643	3.5472	4.6833	8.181	6.358	5.715	5.500	2.91663504	1
	0.028100	10.0000	0.58905178	0.5890	-1.2346	3.5648	4.6541	7.857	6.085	5.421	5.222	2.94901490	1
	0.028100	10.0000	0.60000002	0.6000	-1.1999	3.5696	4.6463	7.770	6.013	5.344	5.149	2.95739889	1
	0.028100	10.0000	0.64999998	0.6499	-1.0289	3.5981	4.6241	7.342	5.661	4.980	4.821	2.99236870	1
	0.028100	10.0000	0.69999999	0.6999	-0.8592	3.6282	4.6070	6.918	5.313	4.653	4.530	3.02253795	1
	0.028100	10.0000	0.73637128	0.7363	-0.7313	3.6535	4.6025	6.598	5.066	4.461	4.361	3.04198408	1
	0.028100	10.0000	0.75000000	0.7499	-0.6844	3.6627	4.6003	6.481	4.976	4.400	4.306	3.04879928	1
	0.028100	10.0000	0.76880372	0.7687	-0.6264	3.6708	4.5855	6.336	4.856	4.307	4.216	3.05781746	1
	0.028100	10.0000	0.79169905	0.7915	-0.5561	3.6807	4.5671	6.160	4.710	4.194	4.108	3.06823683	1
	0.028100	10.0000	0.80000001	0.7998	-0.5306	3.6842	4.5604	6.097	4.658	4.153	4.069	3.07187057	1
	0.028100	10.0000	0.80715930	0.8070	-0.5083	3.6873	4.5542	6.041	4.612	4.116	4.034	3.07494330	1
	0.028100	10.0000	0.82793134	0.8277	-0.4432	3.6960	4.5353	5.878	4.479	4.009	3.932	3.08355045	1
	0.028100	10.0000	0.84645438	0.8462	-0.3853	3.7037	4.5174	5.733	4.360	3.914	3.839	3.09086084	1
	0.028100	10.0000	0.85000002	0.8498	-0.3741	3.7051	4.5138	5.705	4.337	3.895	3.821	3.09222293	1
	0.028100	10.0000	0.86416084	0.8639	-0.3292	3.7106	4.4980	5.593	4.244	3.819	3.746	3.09754872	1
	0.028100	10.0000	0.88267291	0.8824	-0.2700	3.7175	4.4758	5.445	4.122	3.715	3.646	3.10424709	1
	0.028100	10.0000	0.89947957	0.8991	-0.2161	3.7235	4.4540	5.310	4.009	3.618	3.553	3.11008382	1
	0.028100	10.0000	0.89999998	0.8997	-0.2144	3.7237	4.4533	5.306	4.006	3.615	3.550	3.11026096	1
	0.028100	10.0000	0.90630454	0.9060	-0.1940	3.7258	4.4443	5.255	3.963	3.578	3.513	3.11239076	1
	0.028100	10.0000	0.92391014	0.9235	-0.1362	3.7313	4.4170	5.110	3.839	3.469	3.407	3.11818051	1
	0.028100	10.0000	0.94005942	0.9396	-0.0829	3.7360	4.3898	4.977	3.725	3.366	3.307	3.12329602	1
	0.028100	10.0000	0.94999999	0.9495	-0.0501	3.7386	4.3719	4.895	3.653	3.301	3.242	3.12635612	1
	0.028100	10.0000	0.95587170	0.9554	-0.0307	3.7400	4.3607	4.847	3.610	3.261	3.204	3.12813306	1
	0.028100	10.0000	0.97271389	0.9722	0.0255	3.7433	4.3254	4.706	3.484	3.143	3.086	3.13310814	1
	0.028100	10.0000	0.98600149	0.9854	0.0724	3.7457	4.2940	4.589	3.376	3.041	2.986	3.13691044	1
	0.028100	10.0000	0.99119586	0.9906	0.0912	3.7466	4.2812	4.542	3.333	3.000	2.945	3.13836837	1
	0.028100	10.0000	0.99798107	0.9973	0.1168	3.7475	4.2620	4.478	3.273	2.942	2.888	3.14024949	1
	0.028100	10.0000	1.00000000	0.9993	0.1244	3.7478	4.2563	4.459	3.255	2.925	2.870	3.14080405	1
	0.028100	10.0000	1.00310743	1.0024	0.1363	3.7481	4.2472	4.429	3.226	2.898	2.843	3.14165306	1
	0.028100	10.0000	1.01236582	1.0116	0.1731	3.7487	4.2168	4.337	3.137	2.810	2.756	3.14414954	1
	0.028100	10.0000	1.02212322	1.0213	0.2131	3.7486	4.1804	4.237	3.037	2.709	2.655	3.14672756	1
	0.028100	10.0000	1.02935255	1.0285	0.2432	3.7480	4.1508	4.162	2.959	2.630	2.575	3.14860392	2
	0.028100	10.0000	1.03154409	1.0307	0.2527	3.7475	4.1404	4.138	2.933	2.603	2.548	3.14916706	2
	0.028100	10.0000	1.04197180	1.0411	0.2971	3.7438	4.0857	4.027	2.808	2.468	2.412	3.15181136	2
	0.028100	10.0000	1.04999995	1.0490	0.3274	3.7369	4.0309	3.951	2.705	2.346	2.288	3.15380883	2
	0.028100	10.0000	1.05071306	1.0497	0.3301	3.7362	4.0259	3.945	2.695	2.335	2.277	3.15398455	2
	0.028100	10.0000	1.05519915	1.0542	0.3401	3.7281	3.9851	3.920	2.638	2.257	2.195	3.15508485	2
	0.028100	10.0000	1.05834222	1.0573	0.3403	3.7186	3.9482	3.919	2.602	2.196	2.129	3.15584970	2
	0.028100	10.0000	1.06057966	1.0595	0.3389	3.7088	3.9113	3.923	2.571	2.137	2.065	3.15639114	2
	0.028100	10.0000	1.06274033	1.0617	0.3499	3.6984	3.8598	3.895	2.508	2.044	1.967	3.15691161	2
	0.028100	10.0000	1.06468666	1.0636	0.3834	3.6907	3.7960	3.812	2.398	1.911	1.831	3.15737867	2
	0.028100	10.0000	1.06522620	1.0641	0.3968	3.6889	3.7758	3.778	2.359	1.867	1.786	3.15750766	3
	0.028100	10.0000	1.06608272	1.0650	0.4245	3.6868	3.7401	3.709	2.283	1.785	1.703	3.15771246	3
	0.028100	10.0000	1.06746471	1.0663	0.4758	3.6841	3.6786	3.580	2.147	1.640	1.557	3.15804195	3
	0.028100	10.0000	1.06879044	1.0676	0.5326	3.6822	3.6145	3.438	1.999	1.486	1.402	3.15835714	3
	0.028100	10.0000	1.06974256	1.0686	0.5777	3.6810	3.5650	3.326	1.883	1.366	1.281	3.15858293	3
	0.028100	10.0000	1.07055807	1.0694	0.6194	3.6799	3.5195	3.222	1.776	1.255	1.171	3.15877604	3
	0.028100	10.0000	1.07133234	1.0701	0.6618	3.6789	3.4734	3.115	1.667	1.143	1.058	3.15895915	3
	0.028100	10.0000	1.07206535	1.0708	0.7049	3.6779	3.4265	3.008	1.556	1.029	0.943	3.15913224	3
	0.028100	10.0000	1.07274616	1.0715	0.7480	3.6768	3.3791	2.900	1.444	0.914	0.827	3.15929270	3
	0.028100	10.0000	1.07333767	1.0721	0.7885	3.6756	3.3343	2.799	1.339	0.806	0.718	3.15943193	3
	0.028100	10.0000	1.07389903	1.0726	0.8298	3.6744	3.2884	2.696	1.232	0.695	0.606	3.15956402	3
	0.028100	10.0000	1.07442188	1.0731	0.8715	3.6731	3.2417	2.591	1.124	0.583	0.493	3.15968680	3
	0.028100	10.0000	1.07490385	1.0735	0.9128	3.6717	3.1950	2.488	1.016	0.471	0.381	3.15979981	3
	0.028100	10.0000	1.07535315	1.0739	0.9541	3.6703	3.1480	2.385	0.908	0.359	0.267	3.15990520	3
	0.028100	10.0000	1.07575178	1.0743	0.9942	3.6688	3.1021	2.285	0.803	0.250	0.157	3.15999866	3
	0.028100	10.0000	1.07622576	1.0747	1.0461	3.6668	3.0422	2.155	0.668	0.108	0.013	3.16010952	3
	0.028100	10.0000	1.07655632	1.0750	1.0858	3.6651	2.9960	2.055	0.564	-0.001	-0.097	3.16018677	3
	0.028100	10.0000	1.07694232	1.0753	1.1362	3.6630	2.9372	1.929	0.432	-0.140	-0.237	3.16027713	3
	0.028100	10.0000	1.07722199	1.0756	1.1760	3.6612	2.8903	1.830	0.327	-0.250	-0.349	3.16034245	3
	0.028100	10.0000	1.07754767	1.0758	1.2257	3.6589	2.8315	1.706	0.197	-0.387	-0.488	3.16041827	3
	0.028100	10.0000	1.07784307	1.0760	1.2747	3.6565	2.7731	1.583	0.068	-0.523	-0.626	3.16048717	3
	0.028100	10.0000	1.07811856	1.0762	1.3237	3.6540	2.7143	1.461	-0.062	-0.660	-0.765	3.16055155	3
	0.028100	10.0000	1.07837129	1.0764	1.3708	3.6516	2.6576	1.343	-0.186	-0.792	-0.899	3.16061044	3
	0.028100	10.0000	1.07863045	1.0765	1.4137	3.6494	2.6059	1.236	-0.299	-0.912	-1.020	3.16067076	3
	0.028100	10.0000	1.07888436	1.0767	1.4448	3.6478	2.5686	1.158	-0.381	-0.999	-1.108	3.16072989	3
	0.028100	10.0000	1.07905567	1.0768	1.4174	3.6497	2.6033	1.226	-0.308	-0.920	-1.028	3.16076970	3
	0.028100	10.0000	1.07919967	1.0768	1.3835	3.6518	2.6459	1.311	-0.217	-0.822	-0.929	3.16080308	3
	0.028100	10.0000	1.07923913	1.0769	1.3718	3.6526	2.6607	1.341	-0.186	-0.789	-0.895	3.16081238	3
	0.028100	10.0000	1.07938838	1.0769	1.4081	3.6506	2.6164	1.250	-0.282	-0.891	-0.998	3.16084695	3
	0.028100	10.0000	1.07959604	1.0770	1.4578	3.6478	2.5557	1.125	-0.413	-1.031	-1.141	3.16089535	3
	0.028100	10.0000	1.07978868	1.0771	1.5059	3.6451	2.4969	1.005	-0.540	-1.166	-1.279	3.16094017	3
	0.028100	10.0000	1.07996798	1.0772	1.5539	3.6424	2.4378	0.885	-0.668	-1.302	-1.417	3.16098166	3
	0.028100	10.0000	1.08012986	1.0772	1.6008	3.6396	2.3799	0.768	-0.794	-1.434	-1.553	3.16101933	3
	0.028100	10.0000	1.08027911	1.0772	1.6478	3.6368	2.3215	0.650	-0.919	-1.567	-1.689	3.16105390	3
	0.028100	10.0000	1.08041370	1.0772	1.6939	3.6339	2.2641	0.535	-1.042	-1.698	-1.823	3.16108513	3
	0.028100	10.0000	1.08053970	1.0771	1.7409	3.6310	2.2052	0.418	-1.167	-1.831	-1.960	3.16111445	3
	0.028100	10.0000	1.08065271	1.0770	1.7866	3.6280	2.1478	0.304	-1.289	-1.961	-2.093	3.16114068	3
	0.028100	10.0000	1.08075655	1.0769	1.8321	3.6251	2.0903	0.190	-1.410	-2.091	-2.226	3.16116476	3
	0.028100	10.0000	1.08085155	1.0768	1.8776	3.6220	2.0328	0.076	-1.531	-2.220	-2.360	3.16118670	3
	0.028100	10.0000	1.08093691	1.0766	1.9221	3.6190	1.9760	-0.035	-1.651	-2.347	-2.491	3.16120648	3
	0.028100	10.0000	1.08101654	1.0764	1.9673	3.6159	1.9183	-0.148	-1.772	-2.476	-2.624	3.16122484	3
	0.028100	10.0000	1.08108807	1.0762	2.0113	3.6128	1.8618	-0.258	-1.891	-2.601	-2.754	3.16124153	3
	0.028100	10.0000	1.08115375	1.0760	2.0554	3.6096	1.8049	-0.369	-2.010	-2.727	-2.885	3.16125679	3
	0.028100	10.0000	1.08121431	1.0757	2.0995	3.6064	1.7479	-0.479	-2.129	-2.853	-3.016	3.16127062	3
	0.028100	10.0000	1.08126903	1.0754	2.1425	3.6032	1.6918	-0.586	-2.245	-2.977	-3.145	3.16128349	3
	0.028100	10.0000	1.08131969	1.0751	2.1855	3.5999	1.6356	-0.694	-2.361	-3.100	-3.274	3.16129518	3
	0.028100	10.0000	1.08136666	1.0747	2.2287	3.5966	1.5791	-0.802	-2.479	-3.224	-3.403	3.16130590	3
	0.028100	10.0000	1.08140874	1.0743	2.2704	3.5933	1.5238	-0.906	-2.592	-3.345	-3.529	3.16131568	3
	0.028100	10.0000	1.08144760	1.0738	2.3122	3.5900	1.4685	-1.011	-2.705	-3.466	-3.655	3.16132474	3
	0.028100	10.0000	1.08148384	1.0733	2.3541	3.5865	1.4127	-1.115	-2.820	-3.587	-3.782	3.16133308	3
	0.028100	10.0000	1.08151662	1.0728	2.3947	3.5830	1.3579	-1.217	-2.931	-3.706	-3.906	3.16134071	3
	0.028100	10.0000	1.08154750	1.0722	2.4359	3.5795	1.3024	-1.320	-3.044	-3.826	-4.032	3.16134787	3
	0.028100	10.0000	1.08157587	1.0715	2.4764	3.5760	1.2475	-1.421	-3.154	-3.944	-4.156	3.16135454	3
	0.028100	10.0000	1.08160114	1.0708	2.5154	3.5724	1.1940	-1.518	-3.261	-4.059	-4.276	3.16136026	3
	0.028100	10.0000	1.08162498	1.0701	2.5548	3.5688	1.1397	-1.617	-3.369	-4.175	-4.398	3.16136575	3
	0.028100	10.0000	1.08164752	1.0692	2.5947	3.5651	1.0847	-1.717	-3.478	-4.292	-4.522	3.16137099	3
	0.028100	10.0000	1.08167219	1.0681	2.6419	3.5605	1.0188	-1.835	-3.608	-4.432	-4.669	3.16137671	3
	0.028100	10.0000	1.08169496	1.0669	2.6889	3.5558	0.9526	-1.952	-3.737	-4.566	-4.814	3.16138196	3
	0.028100	10.0000	1.08171582	1.0656	2.7352	3.5511	0.8867	-2.068	-3.865	-4.696	-4.958	3.16138673	3
	0.028100	10.0000	1.08173490	1.0641	2.7807	3.5463	0.8214	-2.182	-3.990	-4.824	-5.099	3.16139126	3
	0.028100	10.0000	1.08175266	1.0624	2.8261	3.5414	0.7559	-2.295	-4.115	-4.952	-5.241	3.16139531	3
	0.028100	10.0000	1.08176875	1.0606	2.8705	3.5365	0.6912	-2.406	-4.237	-5.077	-5.380	3.16139913	3
	0.028100	10.0000	1.08178353	1.0586	2.9141	3.5317	0.6274	-2.515	-4.357	-5.199	-5.517	3.16140246	3
	0.028100	10.0000	1.08179760	1.0563	2.9587	3.5266	0.5615	-2.627	-4.480	-5.325	-5.659	3.16140580	3
	0.028100	10.0000	1.08181036	1.0538	3.0014	3.5216	0.4978	-2.734	-4.599	-5.447	-5.795	3.16140866	3
	0.028100	10.0000	1.08182228	1.0510	3.0435	3.5166	0.4344	-2.839	-4.715	-5.571	-5.929	3.16141152	3
	0.028100	10.0000	1.08183336	1.0479	3.0856	3.5114	0.3703	-2.944	-4.831	-5.696	-6.063	3.16141391	3
	0.028100	10.0000	1.08184338	1.0446	3.1258	3.5063	0.3084	-3.044	-4.940	-5.815	-6.192	3.16141629	3
	0.028100	10.0000	1.08185267	1.0410	3.1651	3.5012	0.2470	-3.143	-5.047	-5.932	-6.318	3.16141844	3
	0.028100	10.0000	1.08186185	1.0367	3.2058	3.4957	0.1829	-3.244	-5.156	-6.053	-6.448	3.16142058	3
	0.028100	10.0000	1.08187008	1.0322	3.2444	3.4904	0.1211	-3.341	-5.258	-6.168	-6.573	3.16142249	3
	0.028100	10.0000	1.08187807	1.0269	3.2839	3.4849	0.0572	-3.440	-5.358	-6.283	-6.699	3.16142440	3
	0.028100	10.0000	1.08188534	1.0213	3.3215	3.4795	-0.0043	-3.534	-5.452	-6.395	-6.820	3.16142607	3
	0.028100	10.0000	1.08189225	1.0150	3.3582	3.4741	-0.0652	-3.625	-5.552	-6.518	-6.934	3.16142774	3
	0.028100	10.0000	1.08189905	1.0077	3.3943	3.4689	-0.1255	-3.716	-5.653	-6.636	-7.042	3.16142917	3
	0.028100	10.0000	1.08190155	1.0048	3.4060	3.4672	-0.1452	-3.745	-5.687	-6.674	-7.076	3.16142988	4
	0.028100	10.0000	1.08190155	1.0048	1.6593	3.6523	2.3418	0.622	-0.909	-1.507	-1.616	3.16142988	4
	0.028100	10.0000	1.08200741	1.0048	1.6694	3.6515	2.3289	0.597	-0.937	-1.536	-1.646	3.16145420	4
	0.028100	10.0000	1.08210731	1.0048	1.6717	3.6515	2.3265	0.591	-0.943	-1.542	-1.652	3.16147733	4
	0.028100	10.0000	1.08220530	1.0048	1.6699	3.6519	2.3297	0.595	-0.937	-1.535	-1.646	3.16149998	4
	0.028100	10.0000	1.08230555	1.0047	1.6668	3.6524	2.3347	0.603	-0.928	-1.525	-1.635	3.16152310	4
	0.028100	10.0000	1.08240712	1.0047	1.6635	3.6529	2.3402	0.611	-0.918	-1.513	-1.623	3.16154671	4
	0.028100	10.0000	1.08250833	1.0047	1.6602	3.6534	2.3454	0.619	-0.909	-1.502	-1.611	3.16157007	4
	0.028100	10.0000	1.08260965	1.0047	1.6571	3.6539	2.3505	0.627	-0.899	-1.492	-1.600	3.16159344	4
	0.028100	10.0000	1.08270907	1.0047	1.6541	3.6544	2.3554	0.635	-0.891	-1.482	-1.590	3.16161633	4
	0.028100	10.0000	1.08281136	1.0047	1.6512	3.6548	2.3601	0.642	-0.882	-1.472	-1.579	3.16163993	4
	0.028100	10.0000	1.08291817	1.0047	1.6484	3.6553	2.3647	0.649	-0.874	-1.462	-1.570	3.16166472	4
	0.028100	10.0000	1.08302391	1.0047	1.6461	3.6557	2.3686	0.655	-0.867	-1.454	-1.561	3.16168904	4
	0.028100	10.0000	1.08313012	1.0047	1.6441	3.6560	2.3721	0.660	-0.861	-1.447	-1.554	3.16171360	4
	0.028100	10.0000	1.08323443	1.0047	1.6423	3.6564	2.3753	0.664	-0.855	-1.440	-1.547	3.16173768	4
	0.028100	10.0000	1.08327079	1.0047	1.6417	3.6565	2.3763	0.666	-0.854	-1.438	-1.545	3.16174603	4
	0.028100	10.0000	1.08333790	1.0047	1.6407	3.6567	2.3781	0.668	-0.851	-1.435	-1.541	3.16176152	4
	0.028100	10.0000	1.08343995	1.0047	1.6395	3.6570	2.3804	0.671	-0.847	-1.430	-1.536	3.16178513	4
	0.028100	10.0000	1.08353901	1.0047	1.6385	3.6572	2.3823	0.674	-0.844	-1.426	-1.532	3.16180801	4
	0.028100	10.0000	1.08364546	1.0047	1.6378	3.6574	2.3839	0.676	-0.841	-1.423	-1.529	3.16183233	4
	0.028100	10.0000	1.08374858	1.0048	1.6374	3.6575	2.3848	0.676	-0.840	-1.421	-1.527	3.16185617	4
	0.028100	10.0000	1.08385193	1.0048	1.6376	3.6577	2.3851	0.676	-0.840	-1.421	-1.527	3.16188002	4
	0.028100	10.0000	1.08395076	1.0048	1.6381	3.6577	2.3847	0.675	-0.842	-1.422	-1.528	3.16190290	4
	0.028100	10.0000	1.08400691	1.0048	1.6386	3.6577	2.3843	0.673	-0.843	-1.423	-1.529	3.16191578	4
	0.028100	10.0000	1.08405209	1.0048	1.6392	3.6577	2.3836	0.672	-0.844	-1.425	-1.531	3.16192603	4
	0.028100	10.0000	1.08415687	1.0048	1.6410	3.6576	2.3816	0.668	-0.849	-1.430	-1.535	3.16195035	4
	0.028100	10.0000	1.08426142	1.0048	1.6433	3.6575	2.3787	0.662	-0.855	-1.436	-1.542	3.16197443	4
	0.028100	10.0000	1.08436859	1.0048	1.6465	3.6573	2.3746	0.654	-0.864	-1.446	-1.552	3.16199899	4
	0.028100	10.0000	1.08447134	1.0048	1.6503	3.6570	2.3696	0.644	-0.874	-1.457	-1.563	3.16202259	4
	0.028100	10.0000	1.08457589	1.0048	1.6554	3.6565	2.3629	0.632	-0.888	-1.472	-1.579	3.16204667	4
	0.028100	10.0000	1.08467937	1.0048	1.6613	3.6560	2.3549	0.617	-0.904	-1.490	-1.597	3.16207051	4
	0.028100	10.0000	1.08478212	1.0048	1.6682	3.6555	2.3458	0.600	-0.923	-1.510	-1.618	3.16209412	4
	0.028100	10.0000	1.08488488	1.0048	1.6768	3.6548	2.3343	0.578	-0.947	-1.536	-1.644	3.16211772	4
	0.028100	10.0000	1.08498788	1.0048	1.6860	3.6540	2.3220	0.555	-0.972	-1.563	-1.672	3.16214132	4
	0.028100	10.0000	1.08509314	1.0048	1.6962	3.6531	2.3083	0.529	-1.000	-1.594	-1.703	3.16216564	4
	0.028100	10.0000	1.08519590	1.0047	1.7282	3.6503	2.2650	0.450	-1.088	-1.690	-1.802	3.16218925	4
	0.028100	10.0000	1.08526242	1.0047	1.7680	3.6468	2.2111	0.350	-1.198	-1.809	-1.925	3.16220450	4
	0.028100	10.0000	1.08529890	1.0047	1.8090	3.6432	2.1558	0.248	-1.309	-1.931	-2.051	3.16221285	4
	0.028100	10.0000	1.08532023	1.0047	1.8538	3.6393	2.0953	0.135	-1.432	-2.065	-2.189	3.16221786	4
	0.028100	10.0000	1.08533084	1.0046	1.8957	3.6356	2.0387	0.031	-1.546	-2.189	-2.317	3.16222024	4
	0.028100	10.0000	1.08533657	1.0046	1.9369	3.6320	1.9832	-0.072	-1.658	-2.311	-2.443	3.16222167	4
	0.028100	10.0000	1.08533990	1.0046	1.9776	3.6285	1.9285	-0.174	-1.769	-2.431	-2.568	3.16222239	4
	0.028100	10.0000	1.08534217	1.0046	2.0181	3.6251	1.8742	-0.275	-1.879	-2.550	-2.691	3.16222286	4
	0.028100	10.0000	1.08534336	1.0046	2.0449	3.6228	1.8382	-0.342	-1.952	-2.629	-2.773	3.16222310	7
	0.028100	10.0000	1.08534336	1.0046	2.0456	3.6227	1.8372	-0.344	-1.954	-2.631	-2.775	3.16222310	7
	0.028100	10.0000	1.08534384	1.0046	2.0585	3.6216	1.8199	-0.376	-1.989	-2.669	-2.815	3.16222334	7
	0.028100	10.0000	1.08534551	1.0046	2.1030	3.6177	1.7600	-0.487	-2.110	-2.800	-2.951	3.16222358	7
	0.028100	10.0000	1.08534694	1.0046	2.1401	3.6145	1.7100	-0.580	-2.212	-2.908	-3.065	3.16222405	7
	0.028100	10.0000	1.08534861	1.0046	2.1701	3.6119	1.6695	-0.655	-2.293	-2.996	-3.157	3.16222429	7
	0.028100	10.0000	1.08535254	1.0045	2.1746	3.6116	1.6636	-0.667	-2.305	-3.009	-3.170	3.16222525	7
	0.028100	10.0000	1.08535540	1.0045	2.1413	3.6145	1.7087	-0.583	-2.215	-2.911	-3.068	3.16222596	7
	0.028100	10.0000	1.08536255	1.0045	2.1024	3.6179	1.7612	-0.486	-2.108	-2.797	-2.948	3.16222763	7
	0.028100	10.0000	1.08543706	1.0041	2.0829	3.6195	1.7870	-0.437	-2.055	-2.740	-2.889	3.16224456	7
	0.028100	10.0000	1.08548808	1.0038	2.1173	3.6165	1.7403	-0.523	-2.149	-2.842	-2.995	3.16225648	7
	0.028100	10.0000	1.08553135	1.0035	2.1578	3.6129	1.6855	-0.624	-2.260	-2.960	-3.119	3.16226625	7
	0.028100	10.0000	1.08556747	1.0032	2.1987	3.6094	1.6301	-0.727	-2.371	-3.081	-3.245	3.16227460	7
	0.028100	10.0000	1.08559835	1.0030	2.2403	3.6057	1.5737	-0.831	-2.485	-3.203	-3.372	3.16228175	7
	0.028100	10.0000	1.08562446	1.0027	2.2821	3.6020	1.5170	-0.935	-2.599	-3.325	-3.501	3.16228771	7
	0.028100	10.0000	1.08564699	1.0024	2.3239	3.5982	1.4601	-1.040	-2.713	-3.449	-3.630	3.16229296	7
	0.028100	10.0000	1.08566689	1.0020	2.3660	3.5943	1.4023	-1.145	-2.828	-3.573	-3.760	3.16229749	7
	0.028100	10.0000	1.08568442	1.0017	2.4079	3.5904	1.3446	-1.250	-2.943	-3.697	-3.891	3.16230154	7
	0.028100	10.0000	1.08570039	1.0013	2.4498	3.5865	1.2867	-1.355	-3.059	-3.822	-4.021	3.16230512	7
	0.028100	10.0000	1.08571517	1.0009	2.4920	3.5824	1.2282	-1.460	-3.175	-3.947	-4.152	3.16230845	7
	0.028100	10.0000	1.08572900	1.0005	2.5339	3.5783	1.1695	-1.565	-3.291	-4.072	-4.284	3.16231179	7
	0.028100	10.0000	1.08574224	1.0000	2.5762	3.5740	1.1100	-1.670	-3.408	-4.198	-4.417	3.16231465	7
	0.028100	10.0000	1.08575487	0.9994	2.6197	3.5696	1.0483	-1.779	-3.529	-4.329	-4.555	3.16231751	7
	0.028100	10.0000	1.08576655	0.9988	2.6635	3.5650	0.9858	-1.889	-3.650	-4.459	-4.693	3.16232038	7
	0.028100	10.0000	1.08577704	0.9981	2.7056	3.5604	0.9252	-1.994	-3.768	-4.580	-4.826	3.16232276	7
	0.028100	10.0000	1.08578670	0.9973	2.7538	3.5551	0.8555	-2.114	-3.901	-4.717	-4.977	3.16232491	7
	0.028100	10.0000	1.08579361	0.9967	2.8062	3.5491	0.7789	-2.245	-4.047	-4.866	-5.143	3.16232657	7
	0.028100	10.0000	1.08579838	0.9961	2.8553	3.5434	0.7067	-2.368	-4.183	-5.006	-5.299	3.16232753	7
	0.028100	10.0000	1.08580232	0.9956	2.9022	3.5378	0.6370	-2.486	-4.313	-5.141	-5.449	3.16232848	7
	0.028100	10.0000	1.08580589	0.9950	2.9486	3.5321	0.5675	-2.602	-4.442	-5.273	-5.598	3.16232944	7
	0.028100	10.0000	1.08580911	0.9943	2.9910	3.5267	0.5034	-2.708	-4.561	-5.396	-5.737	3.16233015	7
	0.028100	10.0000	1.08581233	0.9935	3.0365	3.5208	0.4337	-2.821	-4.688	-5.532	-5.884	3.16233087	7
	0.028100	10.0000	1.08581543	0.9926	3.0765	3.5155	0.3722	-2.921	-4.799	-5.653	-6.014	3.16233158	7
	0.028100	10.0000	1.08581877	0.9914	3.1162	3.5101	0.3104	-3.020	-4.909	-5.772	-6.144	3.16233230	7
	0.028100	10.0000	1.08582211	0.9901	3.1536	3.5049	0.2518	-3.114	-5.011	-5.885	-6.266	3.16233301	7
	0.028100	10.0000	1.08582568	0.9883	3.1909	3.4997	0.1928	-3.207	-5.113	-5.998	-6.389	3.16233397	7
	0.028100	10.0000	1.08582962	0.9861	3.2277	3.4945	0.1342	-3.299	-5.212	-6.109	-6.508	3.16233468	7
	0.028100	10.0000	1.08583319	0.9839	3.2628	3.4894	0.0775	-3.387	-5.305	-6.215	-6.624	3.16233563	7
	0.028100	10.0000	1.08583415	0.9831	3.3055	3.4828	0.0082	-3.494	-5.411	-6.342	-6.763	3.16233587	7
	0.028100	10.0000	1.08583415	0.9831	3.3055	3.4828	0.0082	-3.494	-5.411	-6.342	-6.763	3.16233587	8
