# File generated by CMD 2.7 (http://stev.oapd.inaf.it/cmd) on Thu May 14 15:38:46 CEST 2015
# PARSEC isochrones, release v1.2S
# Basic references: Bressan et al. (2012), MNRAS, 427, 127 + Chen et al. (2014), MNRAS, 444, 2525 + Tang et al. (2014), MNRAS, 445, 4287
# Warning: the TP-AGB phase is not included! TP-AGB tracks are in preparation by Marigo et al.
# Photometric system:  2MASS <i>JHK</i><sub>s</sub>
# Using NBC version of bolometric corrections as in Chen et al. (2014), MNRAS, 444, 2525
# BCs of Carbon stars derive from Aringer et al. (2009, A&A 503, 913)
# O-rich circumstellar dust ignored
# C-rich circumstellar dust ignored
# IMF: Chabrier (2001) lognormal 
# On RGB, assumed Reimers mass loss with efficiency eta=0.2
# Kind of output: isochrone tables
#	Isochrone  Z = 0.01190	Y = 0.27010	[M/H] = -0.096	eta_R = 0.200	Age = 	1.0000e+10 yr
#      Z	log(age/yr)	M_ini   	M_act	logL/Lo	logTe	logG	mbol    J       H       Ks	int_IMF	stage
	0.011900	10.0000	0.09000000	0.0900	-3.4035	3.3715	5.2337	13.279	11.030	10.474	10.224	1.46765435	1
	0.011900	10.0000	0.09860828	0.0986	-3.2387	3.3953	5.2036	12.867	10.684	10.120	9.858	1.55670011	1
	0.011900	10.0000	0.10000000	0.1000	-3.2135	3.3989	5.1990	12.804	10.630	10.066	9.802	1.57040203	1
	0.011900	10.0000	0.12000000	0.1200	-2.9452	3.4340	5.1504	12.133	10.054	9.479	9.203	1.74782515	1
	0.011900	10.0000	0.14000000	0.1400	-2.7641	3.4531	5.1126	11.680	9.649	9.070	8.795	1.89584959	1
	0.011900	10.0000	0.16000000	0.1600	-2.6217	3.4667	5.0827	11.324	9.329	8.747	8.475	2.02115250	1
	0.011900	10.0000	0.20000000	0.2000	-2.4009	3.4855	5.0339	10.772	8.826	8.242	7.978	2.22178221	1
	0.011900	10.0000	0.25000000	0.2500	-2.1898	3.5008	4.9809	10.245	8.337	7.750	7.497	2.40809011	1
	0.011900	10.0000	0.30000001	0.3000	-2.0245	3.5111	4.9362	9.831	7.949	7.358	7.112	2.54750419	1
	0.011900	10.0000	0.34999999	0.3500	-1.8782	3.5198	4.8915	9.465	7.605	7.009	6.770	2.65552020	1
	0.011900	10.0000	0.40000001	0.4000	-1.7314	3.5309	4.8471	9.099	7.266	6.663	6.432	2.74133730	1
	0.011900	10.0000	0.44999999	0.4500	-1.5768	3.5438	4.7954	8.712	6.913	6.301	6.077	2.81098008	1
	0.011900	10.0000	0.50000000	0.5000	-1.4117	3.5605	4.7427	8.299	6.545	5.921	5.708	2.86847806	1
	0.011900	10.0000	0.55000001	0.5500	-1.2278	3.5822	4.6868	7.839	6.146	5.504	5.311	2.91663504	1
	0.011900	10.0000	0.60000002	0.5999	-1.0481	3.6089	4.6517	7.390	5.763	5.100	4.946	2.95739889	1
	0.011900	10.0000	0.60756874	0.6075	-1.0195	3.6139	4.6486	7.319	5.702	5.039	4.892	2.96303320	1
	0.011900	10.0000	0.64999998	0.6499	-0.8649	3.6409	4.6314	6.932	5.381	4.735	4.626	2.99236870	1
	0.011900	10.0000	0.65071768	0.6506	-0.8623	3.6414	4.6311	6.926	5.375	4.731	4.622	2.99283361	1
	0.011900	10.0000	0.69999999	0.6999	-0.6875	3.6720	4.6105	6.489	5.028	4.467	4.381	3.02253795	1
	0.011900	10.0000	0.71626794	0.7161	-0.6307	3.6815	4.6015	6.347	4.916	4.389	4.306	3.03147244	1
	0.011900	10.0000	0.73416543	0.7340	-0.5686	3.6916	4.5908	6.191	4.793	4.297	4.219	3.04085779	1
	0.011900	10.0000	0.75000000	0.7498	-0.5139	3.7004	4.5804	6.055	4.687	4.217	4.144	3.04879928	1
	0.011900	10.0000	0.76725823	0.7671	-0.4550	3.7087	4.5646	5.908	4.570	4.124	4.055	3.05709243	1
	0.011900	10.0000	0.78344077	0.7832	-0.3998	3.7163	4.5489	5.769	4.460	4.036	3.970	3.06454659	1
	0.011900	10.0000	0.79894847	0.7987	-0.3467	3.7234	4.5327	5.637	4.354	3.949	3.886	3.07141447	1
	0.011900	10.0000	0.80000001	0.7997	-0.3431	3.7239	4.5316	5.628	4.346	3.943	3.880	3.07187057	1
	0.011900	10.0000	0.81127656	0.8110	-0.3042	3.7287	4.5180	5.531	4.267	3.877	3.816	3.07668519	1
	0.011900	10.0000	0.82704872	0.8267	-0.2494	3.7352	4.4975	5.393	4.157	3.784	3.725	3.08319378	1
	0.011900	10.0000	0.84178859	0.8414	-0.1976	3.7410	4.4768	5.264	4.053	3.694	3.639	3.08905053	1
	0.011900	10.0000	0.85000002	0.8496	-0.1683	3.7442	4.4642	5.191	3.993	3.642	3.588	3.09222293	1
	0.011900	10.0000	0.85835278	0.8580	-0.1383	3.7471	4.4502	5.116	3.930	3.586	3.534	3.09538603	1
	0.011900	10.0000	0.87361151	0.8732	-0.0820	3.7523	4.4221	4.975	3.811	3.479	3.429	3.10100484	1
	0.011900	10.0000	0.88711828	0.8866	-0.0309	3.7565	4.3947	4.847	3.701	3.380	3.331	3.10581303	1
	0.011900	10.0000	0.89999998	0.8995	0.0189	3.7602	4.3660	4.723	3.593	3.280	3.232	3.11026096	1
	0.011900	10.0000	0.91188782	0.9113	0.0658	3.7631	4.3362	4.606	3.489	3.183	3.136	3.11425161	1
	0.011900	10.0000	0.92513394	0.9245	0.1176	3.7655	4.3002	4.476	3.371	3.070	3.024	3.11857462	1
	0.011900	10.0000	0.93569487	0.9350	0.1619	3.7671	4.2674	4.365	3.268	2.971	2.925	3.12193131	1
	0.011900	10.0000	0.94014549	0.9394	0.1812	3.7677	4.2525	4.317	3.222	2.927	2.882	3.12332273	1
	0.011900	10.0000	0.94494122	0.9442	0.2026	3.7681	4.2350	4.264	3.171	2.877	2.831	3.12480712	1
	0.011900	10.0000	0.94999999	0.9492	0.2260	3.7682	4.2143	4.205	3.113	2.819	2.774	3.12635612	1
	0.011900	10.0000	0.95701331	0.9561	0.2592	3.7682	4.1841	4.122	3.030	2.736	2.691	3.12847614	1
	0.011900	10.0000	0.96580642	0.9649	0.3029	3.7669	4.1391	4.013	2.916	2.618	2.573	3.13108921	1
	0.011900	10.0000	0.96945453	0.9685	0.3215	3.7660	4.1185	3.966	2.866	2.566	2.521	3.13215923	2
	0.011900	10.0000	0.97417265	0.9731	0.3461	3.7636	4.0866	3.905	2.794	2.489	2.443	3.13353086	2
	0.011900	10.0000	0.98202574	0.9809	0.3853	3.7568	4.0235	3.807	2.667	2.346	2.297	3.13578367	2
	0.011900	10.0000	0.98699939	0.9858	0.4045	3.7479	3.9709	3.759	2.581	2.238	2.186	3.13719177	2
	0.011900	10.0000	0.99042881	0.9892	0.4093	3.7366	3.9223	3.747	2.524	2.152	2.097	3.13815403	2
	0.011900	10.0000	0.99280035	0.9915	0.4098	3.7249	3.8760	3.746	2.476	2.073	2.012	3.13881540	2
	0.011900	10.0000	0.99504036	0.9937	0.4237	3.7128	3.8148	3.711	2.396	1.958	1.893	3.13943744	2
	0.011900	10.0000	0.99692327	0.9956	0.4600	3.7047	3.7467	3.620	2.276	1.815	1.745	3.13995790	2
	0.011900	10.0000	0.99768049	0.9963	0.4818	3.7022	3.7153	3.565	2.213	1.744	1.674	3.14016652	3
	0.011900	10.0000	0.99850130	0.9971	0.5108	3.7001	3.6783	3.493	2.133	1.659	1.587	3.14039254	3
	0.011900	10.0000	0.99966937	0.9983	0.5575	3.6976	3.6222	3.376	2.008	1.526	1.453	3.14071345	3
	0.011900	10.0000	1.00000000	0.9986	0.5723	3.6970	3.6053	3.339	1.969	1.485	1.412	3.14080405	3
	0.011900	10.0000	1.00064075	0.9992	0.6012	3.6959	3.5722	3.267	1.893	1.406	1.332	3.14097953	3
	0.011900	10.0000	1.00171781	1.0003	0.6556	3.6943	3.5118	3.131	1.752	1.259	1.185	3.14127421	3
	0.011900	10.0000	1.00250328	1.0010	0.6987	3.6932	3.4644	3.023	1.640	1.144	1.069	3.14148855	3
	0.011900	10.0000	1.00318384	1.0017	0.7391	3.6921	3.4200	2.922	1.535	1.036	0.961	3.14167380	3
	0.011900	10.0000	1.00384128	1.0023	0.7810	3.6910	3.3741	2.818	1.427	0.924	0.848	3.14185286	3
	0.011900	10.0000	1.00461543	1.0030	0.8348	3.6896	3.3148	2.683	1.287	0.780	0.704	3.14206314	3
	0.011900	10.0000	1.00517750	1.0035	0.8773	3.6884	3.2678	2.577	1.177	0.667	0.589	3.14221549	3
	0.011900	10.0000	1.00581169	1.0041	0.9296	3.6868	3.2093	2.446	1.041	0.526	0.448	3.14238739	3
	0.011900	10.0000	1.00625765	1.0045	0.9698	3.6855	3.1641	2.345	0.936	0.417	0.339	3.14250803	3
	0.011900	10.0000	1.00668979	1.0049	1.0117	3.6841	3.1170	2.241	0.827	0.304	0.224	3.14262486	3
	0.011900	10.0000	1.00718486	1.0053	1.0642	3.6822	3.0570	2.110	0.689	0.161	0.080	3.14275861	3
	0.011900	10.0000	1.00762427	1.0057	1.1155	3.6803	2.9980	1.981	0.554	0.020	-0.062	3.14287710	3
	0.011900	10.0000	1.00801349	1.0060	1.1658	3.6782	2.9397	1.856	0.422	-0.119	-0.202	3.14298224	3
	0.011900	10.0000	1.00837398	1.0063	1.2172	3.6760	2.8796	1.727	0.287	-0.261	-0.345	3.14307928	3
	0.011900	10.0000	1.00868988	1.0065	1.2666	3.6739	2.8216	1.604	0.157	-0.398	-0.483	3.14316416	3
	0.011900	10.0000	1.00897777	1.0067	1.3159	3.6715	2.7631	1.480	0.026	-0.535	-0.622	3.14324164	3
	0.011900	10.0000	1.00923991	1.0069	1.3649	3.6692	2.7050	1.358	-0.103	-0.672	-0.760	3.14331222	3
	0.011900	10.0000	1.00948036	1.0070	1.4134	3.6668	2.6468	1.237	-0.231	-0.808	-0.898	3.14337683	3
	0.011900	10.0000	1.00970376	1.0071	1.4614	3.6644	2.5892	1.117	-0.358	-0.942	-1.034	3.14343691	3
	0.011900	10.0000	1.00991476	1.0071	1.5077	3.6619	2.5331	1.001	-0.481	-1.073	-1.166	3.14349341	3
	0.011900	10.0000	1.01017702	1.0072	1.5525	3.6596	2.4791	0.889	-0.599	-1.198	-1.293	3.14356375	3
	0.011900	10.0000	1.01025951	1.0072	1.5614	3.6592	2.4685	0.867	-0.623	-1.223	-1.319	3.14358592	3
	0.011900	10.0000	1.01046860	1.0072	1.5227	3.6618	2.5177	0.963	-0.518	-1.111	-1.204	3.14364195	3
	0.011900	10.0000	1.01056027	1.0072	1.4917	3.6639	2.5569	1.041	-0.435	-1.021	-1.113	3.14366651	3
	0.011900	10.0000	1.01060462	1.0072	1.5051	3.6631	2.5405	1.007	-0.471	-1.059	-1.152	3.14367843	3
	0.011900	10.0000	1.01077592	1.0073	1.5528	3.6605	2.4823	0.888	-0.598	-1.194	-1.288	3.14372444	3
	0.011900	10.0000	1.01093996	1.0073	1.5999	3.6578	2.4244	0.770	-0.724	-1.328	-1.425	3.14376831	3
	0.011900	10.0000	1.01108921	1.0073	1.6456	3.6552	2.3681	0.656	-0.846	-1.458	-1.557	3.14380813	3
	0.011900	10.0000	1.01122832	1.0072	1.6915	3.6525	2.3114	0.541	-0.969	-1.589	-1.690	3.14384556	3
	0.011900	10.0000	1.01135910	1.0071	1.7382	3.6497	2.2537	0.425	-1.094	-1.722	-1.826	3.14388037	3
	0.011900	10.0000	1.01147175	1.0070	1.7818	3.6469	2.1991	0.316	-1.210	-1.848	-1.953	3.14391065	3
	0.011900	10.0000	1.01158047	1.0069	1.8274	3.6441	2.1422	0.202	-1.332	-1.978	-2.086	3.14393973	3
	0.011900	10.0000	1.01167846	1.0067	1.8719	3.6413	2.0863	0.090	-1.451	-2.106	-2.216	3.14396596	3
	0.011900	10.0000	1.01176906	1.0065	1.9162	3.6385	2.0305	-0.021	-1.570	-2.234	-2.346	3.14399004	3
	0.011900	10.0000	1.01185155	1.0063	1.9600	3.6356	1.9751	-0.130	-1.686	-2.360	-2.475	3.14401221	3
	0.011900	10.0000	1.01192713	1.0060	2.0035	3.6327	1.9198	-0.239	-1.803	-2.485	-2.604	3.14403224	3
	0.011900	10.0000	1.01199794	1.0057	2.0479	3.6297	1.8635	-0.350	-1.922	-2.612	-2.734	3.14405131	3
	0.011900	10.0000	1.01206076	1.0054	2.0905	3.6268	1.8089	-0.456	-2.036	-2.735	-2.861	3.14406800	3
	0.011900	10.0000	1.01211894	1.0050	2.1333	3.6238	1.7542	-0.563	-2.150	-2.857	-2.987	3.14408350	3
	0.011900	10.0000	1.01217258	1.0046	2.1758	3.6208	1.6995	-0.670	-2.263	-2.980	-3.113	3.14409804	3
	0.011900	10.0000	1.01222241	1.0042	2.2185	3.6178	1.6443	-0.776	-2.377	-3.102	-3.240	3.14411116	3
	0.011900	10.0000	1.01226878	1.0037	2.2615	3.6147	1.5889	-0.884	-2.492	-3.225	-3.367	3.14412355	3
	0.011900	10.0000	1.01231015	1.0031	2.3027	3.6116	1.5352	-0.987	-2.601	-3.344	-3.489	3.14413476	3
	0.011900	10.0000	1.01234925	1.0025	2.3449	3.6085	1.4802	-1.092	-2.713	-3.465	-3.614	3.14414501	3
	0.011900	10.0000	1.01238513	1.0019	2.3864	3.6054	1.4259	-1.196	-2.823	-3.585	-3.738	3.14415479	3
	0.011900	10.0000	1.01241791	1.0012	2.4274	3.6022	1.3720	-1.298	-2.931	-3.702	-3.861	3.14416337	3
	0.011900	10.0000	1.01244867	1.0004	2.4687	3.5990	1.3175	-1.402	-3.041	-3.822	-3.985	3.14417171	3
	0.011900	10.0000	1.01247633	0.9996	2.5088	3.5958	1.2643	-1.502	-3.148	-3.937	-4.105	3.14417911	3
	0.011900	10.0000	1.01250231	0.9987	2.5491	3.5925	1.2105	-1.603	-3.255	-4.054	-4.227	3.14418602	3
	0.011900	10.0000	1.01252675	0.9977	2.5898	3.5892	1.1561	-1.705	-3.363	-4.172	-4.350	3.14419246	3
	0.011900	10.0000	1.01254821	0.9967	2.6283	3.5859	1.1040	-1.801	-3.466	-4.284	-4.467	3.14419818	3
	0.011900	10.0000	1.01256919	0.9955	2.6681	3.5825	1.0501	-1.900	-3.572	-4.400	-4.589	3.14420390	3
	0.011900	10.0000	1.01258874	0.9943	2.7081	3.5791	0.9959	-2.000	-3.679	-4.516	-4.710	3.14420915	3
	0.011900	10.0000	1.01261032	0.9926	2.7552	3.5748	0.9307	-2.118	-3.808	-4.650	-4.855	3.14421487	3
	0.011900	10.0000	1.01263011	0.9908	2.8016	3.5704	0.8659	-2.234	-3.934	-4.781	-4.997	3.14422011	3
	0.011900	10.0000	1.01264846	0.9887	2.8482	3.5660	0.8006	-2.351	-4.061	-4.912	-5.140	3.14422488	3
	0.011900	10.0000	1.01266551	0.9864	2.8948	3.5615	0.7352	-2.467	-4.188	-5.043	-5.282	3.14422941	3
	0.011900	10.0000	1.01268113	0.9839	2.9405	3.5569	0.6701	-2.581	-4.313	-5.172	-5.424	3.14423370	3
	0.011900	10.0000	1.01269555	0.9811	2.9854	3.5523	0.6054	-2.693	-4.436	-5.300	-5.563	3.14423752	3
	0.011900	10.0000	1.01270878	0.9780	3.0294	3.5476	0.5413	-2.804	-4.557	-5.424	-5.701	3.14424109	3
	0.011900	10.0000	1.01272094	0.9746	3.0728	3.5429	0.4777	-2.912	-4.676	-5.548	-5.836	3.14424419	3
	0.011900	10.0000	1.01273227	0.9709	3.1153	3.5381	0.4144	-3.018	-4.793	-5.672	-5.969	3.14424729	3
	0.011900	10.0000	1.01274264	0.9667	3.1573	3.5333	0.3514	-3.123	-4.910	-5.795	-6.101	3.14425015	3
	0.011900	10.0000	1.01275229	0.9622	3.1980	3.5284	0.2890	-3.225	-5.025	-5.915	-6.230	3.14425278	3
	0.011900	10.0000	1.01276159	0.9570	3.2398	3.5234	0.2249	-3.330	-5.146	-6.039	-6.363	3.14425516	3
	0.011900	10.0000	1.01277006	0.9514	3.2798	3.5185	0.1624	-3.430	-5.261	-6.158	-6.491	3.14425731	3
	0.011900	10.0000	1.01277828	0.9450	3.3202	3.5133	0.0986	-3.530	-5.373	-6.276	-6.619	3.14425969	3
	0.011900	10.0000	1.01278591	0.9379	3.3596	3.5083	0.0357	-3.629	-5.483	-6.392	-6.745	3.14426160	3
	0.011900	10.0000	1.01279390	0.9292	3.3988	3.5032	-0.0277	-3.727	-5.593	-6.515	-6.872	3.14426374	4
	0.011900	10.0000	1.01279390	0.9294	1.6886	3.6738	2.3649	0.549	-0.901	-1.450	-1.538	3.14426374	4
	0.011900	10.0000	1.01287973	0.9294	1.6968	3.6733	2.3545	0.528	-0.923	-1.474	-1.562	3.14428663	4
	0.011900	10.0000	1.01297200	0.9294	1.7007	3.6731	2.3498	0.518	-0.934	-1.485	-1.573	3.14431119	4
	0.011900	10.0000	1.01305628	0.9293	1.7005	3.6733	2.3509	0.519	-0.933	-1.483	-1.571	3.14433384	4
	0.011900	10.0000	1.01314092	0.9293	1.6986	3.6737	2.3544	0.523	-0.927	-1.476	-1.564	3.14435625	4
	0.011900	10.0000	1.01322746	0.9293	1.6961	3.6742	2.3590	0.530	-0.919	-1.466	-1.554	3.14437938	4
	0.011900	10.0000	1.01331162	0.9293	1.6934	3.6747	2.3637	0.537	-0.910	-1.456	-1.543	3.14440179	4
	0.011900	10.0000	1.01339841	0.9292	1.6906	3.6753	2.3687	0.543	-0.902	-1.446	-1.533	3.14442492	4
	0.011900	10.0000	1.01348495	0.9292	1.6880	3.6758	2.3733	0.550	-0.893	-1.436	-1.523	3.14444804	4
	0.011900	10.0000	1.01357269	0.9292	1.6856	3.6763	2.3777	0.556	-0.886	-1.427	-1.513	3.14447141	4
	0.011900	10.0000	1.01366484	0.9291	1.6834	3.6768	2.3817	0.562	-0.879	-1.419	-1.505	3.14449596	4
	0.011900	10.0000	1.01375747	0.9291	1.6816	3.6772	2.3852	0.566	-0.873	-1.412	-1.497	3.14452052	4
	0.011900	10.0000	1.01384735	0.9291	1.6800	3.6775	2.3882	0.570	-0.868	-1.405	-1.491	3.14454436	4
	0.011900	10.0000	1.01393449	0.9291	1.6787	3.6778	2.3907	0.573	-0.864	-1.400	-1.485	3.14456773	4
	0.011900	10.0000	1.01398361	0.9291	1.6781	3.6780	2.3920	0.575	-0.862	-1.398	-1.483	3.14458060	4
	0.011900	10.0000	1.01402032	0.9291	1.6777	3.6781	2.3929	0.576	-0.860	-1.396	-1.481	3.14459038	4
	0.011900	10.0000	1.01410699	0.9290	1.6769	3.6784	2.3946	0.578	-0.857	-1.392	-1.477	3.14461350	4
	0.011900	10.0000	1.01420236	0.9290	1.6763	3.6786	2.3961	0.579	-0.855	-1.390	-1.474	3.14463878	4
	0.011900	10.0000	1.01429379	0.9290	1.6760	3.6787	2.3970	0.580	-0.854	-1.388	-1.472	3.14466310	4
	0.011900	10.0000	1.01438379	0.9290	1.6762	3.6788	2.3972	0.579	-0.854	-1.388	-1.472	3.14468718	4
	0.011900	10.0000	1.01447165	0.9290	1.6768	3.6789	2.3968	0.578	-0.856	-1.389	-1.473	3.14471054	4
	0.011900	10.0000	1.01455903	0.9289	1.6778	3.6789	2.3957	0.575	-0.858	-1.392	-1.476	3.14473367	4
	0.011900	10.0000	1.01460373	0.9289	1.6785	3.6788	2.3948	0.574	-0.860	-1.394	-1.478	3.14474559	4
	0.011900	10.0000	1.01464403	0.9289	1.6793	3.6788	2.3938	0.572	-0.862	-1.396	-1.480	3.14475632	4
	0.011900	10.0000	1.01472771	0.9289	1.6812	3.6786	2.3913	0.567	-0.868	-1.402	-1.486	3.14477849	4
	0.011900	10.0000	1.01481092	0.9289	1.6838	3.6784	2.3878	0.560	-0.875	-1.409	-1.494	3.14480066	4
	0.011900	10.0000	1.01489937	0.9289	1.6871	3.6781	2.3833	0.552	-0.884	-1.420	-1.504	3.14482403	4
	0.011900	10.0000	1.01498878	0.9288	1.6913	3.6777	2.3775	0.542	-0.896	-1.433	-1.518	3.14484787	4
	0.011900	10.0000	1.01507235	0.9288	1.6961	3.6773	2.3709	0.530	-0.909	-1.447	-1.533	3.14487004	4
	0.011900	10.0000	1.01515746	0.9288	1.7016	3.6767	2.3632	0.516	-0.925	-1.465	-1.550	3.14489269	4
	0.011900	10.0000	1.01524079	0.9287	1.7077	3.6761	2.3546	0.501	-0.942	-1.484	-1.570	3.14491463	4
	0.011900	10.0000	1.01532590	0.9287	1.7147	3.6754	2.3449	0.483	-0.962	-1.505	-1.592	3.14493728	4
	0.011900	10.0000	1.01541674	0.9287	1.7258	3.6743	2.3292	0.455	-0.993	-1.540	-1.628	3.14496136	4
	0.011900	10.0000	1.01549041	0.9286	1.7215	3.6748	2.3354	0.466	-0.981	-1.527	-1.614	3.14498091	4
	0.011900	10.0000	1.01557732	0.9286	1.7387	3.6731	2.3115	0.423	-1.030	-1.580	-1.668	3.14500403	4
	0.011900	10.0000	1.01566184	0.9285	1.7734	3.6697	2.2633	0.336	-1.127	-1.688	-1.778	3.14502645	4
	0.011900	10.0000	1.01571071	0.9285	1.8120	3.6660	2.2097	0.240	-1.235	-1.807	-1.900	3.14503932	4
	0.011900	10.0000	1.01573539	0.9285	1.8508	3.6623	2.1564	0.143	-1.344	-1.926	-2.022	3.14504600	4
	0.011900	10.0000	1.01574862	0.9284	1.8898	3.6586	2.1025	0.045	-1.452	-2.046	-2.145	3.14504933	4
	0.011900	10.0000	1.01575530	0.9284	1.9284	3.6551	2.0496	-0.051	-1.559	-2.164	-2.266	3.14505124	4
	0.011900	10.0000	1.01575899	0.9284	1.9678	3.6514	1.9957	-0.149	-1.668	-2.284	-2.388	3.14505219	4
	0.011900	10.0000	1.01576138	0.9284	2.0069	3.6479	1.9423	-0.247	-1.776	-2.403	-2.511	3.14505267	4
	0.011900	10.0000	1.01576293	0.9284	2.0433	3.6446	1.8928	-0.338	-1.876	-2.514	-2.624	3.14505315	5
	0.011900	10.0000	1.01576293	0.9284	2.0446	3.6445	1.8910	-0.341	-1.880	-2.517	-2.628	3.14505315	6
	0.011900	10.0000	1.01576293	0.9284	2.0454	3.6444	1.8899	-0.344	-1.882	-2.520	-2.631	3.14505315	7
	0.011900	10.0000	1.01576459	0.9284	2.0925	3.6402	1.8262	-0.461	-2.011	-2.662	-2.777	3.14505363	7
	0.011900	10.0000	1.01576602	0.9284	2.1332	3.6367	1.7713	-0.563	-2.122	-2.784	-2.902	3.14505410	7
	0.011900	10.0000	1.01576996	0.9283	2.1451	3.6358	1.7556	-0.593	-2.154	-2.819	-2.938	3.14505506	7
	0.011900	10.0000	1.01577711	0.9283	2.1019	3.6396	1.8140	-0.485	-2.037	-2.689	-2.805	3.14505696	7
	0.011900	10.0000	1.01583242	0.9280	2.1111	3.6387	1.8011	-0.508	-2.062	-2.717	-2.834	3.14507151	7
	0.011900	10.0000	1.01587367	0.9277	2.1560	3.6346	1.7397	-0.620	-2.185	-2.853	-2.973	3.14508247	7
	0.011900	10.0000	1.01589894	0.9275	2.1908	3.6315	1.6925	-0.707	-2.279	-2.957	-3.081	3.14508915	7
	0.011900	10.0000	1.01592743	0.9272	2.2309	3.6280	1.6381	-0.807	-2.388	-3.076	-3.204	3.14509678	7
	0.011900	10.0000	1.01595235	0.9269	2.2713	3.6244	1.5835	-0.908	-2.497	-3.196	-3.328	3.14510345	7
	0.011900	10.0000	1.01597440	0.9266	2.3118	3.6209	1.5286	-1.010	-2.607	-3.316	-3.453	3.14510918	7
	0.011900	10.0000	1.01599431	0.9263	2.3529	3.6173	1.4730	-1.112	-2.717	-3.437	-3.578	3.14511442	7
	0.011900	10.0000	1.01601195	0.9259	2.3941	3.6137	1.4171	-1.215	-2.827	-3.559	-3.704	3.14511919	7
	0.011900	10.0000	1.01602757	0.9256	2.4354	3.6100	1.3611	-1.319	-2.938	-3.680	-3.830	3.14512324	7
	0.011900	10.0000	1.01604164	0.9252	2.4766	3.6064	1.3052	-1.422	-3.048	-3.801	-3.957	3.14512706	7
	0.011900	10.0000	1.01605451	0.9248	2.5176	3.6027	1.2494	-1.524	-3.157	-3.922	-4.083	3.14513040	7
	0.011900	10.0000	1.01606655	0.9244	2.5586	3.5990	1.1934	-1.626	-3.267	-4.043	-4.208	3.14513373	7
	0.011900	10.0000	1.01607800	0.9238	2.5997	3.5952	1.1367	-1.729	-3.377	-4.164	-4.336	3.14513659	7
	0.011900	10.0000	1.01608872	0.9233	2.6405	3.5914	1.0805	-1.831	-3.486	-4.285	-4.462	3.14513946	7
	0.011900	10.0000	1.01609933	0.9226	2.6821	3.5875	1.0229	-1.935	-3.597	-4.408	-4.591	3.14514232	7
	0.011900	10.0000	1.01610899	0.9219	2.7235	3.5835	0.9652	-2.039	-3.710	-4.528	-4.720	3.14514494	7
	0.011900	10.0000	1.01611841	0.9211	2.7661	3.5793	0.9054	-2.145	-3.826	-4.650	-4.851	3.14514732	7
	0.011900	10.0000	1.01612628	0.9203	2.8115	3.5748	0.8416	-2.259	-3.950	-4.780	-4.992	3.14514947	7
	0.011900	10.0000	1.01613164	0.9197	2.8577	3.5699	0.7756	-2.374	-4.076	-4.913	-5.137	3.14515090	7
	0.011900	10.0000	1.01613545	0.9191	2.9008	3.5654	0.7140	-2.482	-4.194	-5.036	-5.272	3.14515185	7
	0.011900	10.0000	1.01613903	0.9185	2.9445	3.5606	0.6508	-2.591	-4.314	-5.161	-5.409	3.14515281	7
	0.011900	10.0000	1.01614225	0.9179	2.9876	3.5557	0.5880	-2.699	-4.433	-5.285	-5.546	3.14515376	7
	0.011900	10.0000	1.01614511	0.9171	3.0298	3.5508	0.5259	-2.804	-4.550	-5.407	-5.681	3.14515448	7
	0.011900	10.0000	1.01614797	0.9163	3.0698	3.5460	0.4663	-2.905	-4.661	-5.524	-5.808	3.14515519	7
	0.011900	10.0000	1.01615095	0.9153	3.1084	3.5413	0.4085	-3.001	-4.768	-5.638	-5.931	3.14515591	7
	0.011900	10.0000	1.01615429	0.9140	3.1483	3.5364	0.3484	-3.101	-4.880	-5.757	-6.058	3.14515686	7
	0.011900	10.0000	1.01615715	0.9126	3.1747	3.5331	0.3079	-3.167	-4.954	-5.836	-6.143	3.14515758	7
	0.011900	10.0000	1.01615739	0.9125	3.1578	3.5353	0.3337	-3.125	-4.906	-5.785	-6.088	3.14515781	7
	0.011900	10.0000	1.01615763	0.9124	3.1492	3.5364	0.3464	-3.103	-4.882	-5.759	-6.061	3.14515781	7
	0.011900	10.0000	1.01615787	0.9123	3.1657	3.5343	0.3217	-3.144	-4.928	-5.808	-6.114	3.14515781	7
	0.011900	10.0000	1.01615798	0.9123	3.1853	3.5318	0.2919	-3.193	-4.983	-5.867	-6.177	3.14515781	7
	0.011900	10.0000	1.01615822	0.9121	3.2102	3.5285	0.2540	-3.255	-5.054	-5.942	-6.257	3.14515781	7
	0.011900	10.0000	1.01615846	0.9120	3.2318	3.5256	0.2206	-3.310	-5.118	-6.008	-6.329	3.14515805	7
	0.011900	10.0000	1.01615882	0.9118	3.2542	3.5226	0.1859	-3.365	-5.184	-6.076	-6.402	3.14515805	7
	0.011900	10.0000	1.01615930	0.9115	3.2780	3.5192	0.1486	-3.425	-5.254	-6.149	-6.481	3.14515829	7
	0.011900	10.0000	1.01615989	0.9110	3.3161	3.5138	0.0886	-3.520	-5.362	-6.263	-6.606	3.14515829	7
	0.011900	10.0000	1.01616013	0.9107	3.3254	3.5125	0.0738	-3.544	-5.388	-6.291	-6.636	3.14515853	7
	0.011900	10.0000	1.01616013	0.9107	3.3257	3.5124	0.0735	-3.544	-5.389	-6.292	-6.637	3.14515853	8
