# File generated by CMD 2.7 (http://stev.oapd.inaf.it/cmd) on Thu May 14 15:38:46 CEST 2015
# PARSEC isochrones, release v1.2S
# Basic references: Bressan et al. (2012), MNRAS, 427, 127 + Chen et al. (2014), MNRAS, 444, 2525 + Tang et al. (2014), MNRAS, 445, 4287
# Warning: the TP-AGB phase is not included! TP-AGB tracks are in preparation by Marigo et al.
# Photometric system:  2MASS <i>JHK</i><sub>s</sub>
# Using NBC version of bolometric corrections as in Chen et al. (2014), MNRAS, 444, 2525
# BCs of Carbon stars derive from Aringer et al. (2009, A&A 503, 913)
# O-rich circumstellar dust ignored
# C-rich circumstellar dust ignored
# IMF: Chabrier (2001) lognormal 
# On RGB, assumed Reimers mass loss with efficiency eta=0.2
# Kind of output: isochrone tables
#	Isochrone  Z = 0.01970	Y = 0.28353	[M/H] = 0.135	eta_R = 0.200	Age = 	1.0000e+10 yr
#      Z	log(age/yr)	M_ini   	M_act	logL/Lo	logTe	logG	mbol    J       H       Ks	int_IMF	stage
	0.019700	10.0000	0.09000000	0.0900	-3.4359	3.3550	5.2000	13.360	11.092	10.511	10.202	1.46765435	1
	0.019700	10.0000	0.09802388	0.0980	-3.2958	3.3742	5.1738	13.009	10.788	10.208	9.899	1.55089200	1
	0.019700	10.0000	0.10000000	0.1000	-3.2630	3.3787	5.1677	12.928	10.717	10.137	9.829	1.57040203	1
	0.019700	10.0000	0.12000000	0.1200	-3.0110	3.4103	5.1215	12.297	10.162	9.584	9.278	1.74782515	1
	0.019700	10.0000	0.14000000	0.1400	-2.8236	3.4321	5.0884	11.829	9.746	9.169	8.867	1.89584959	1
	0.019700	10.0000	0.16000000	0.1600	-2.6795	3.4468	5.0607	11.469	9.418	8.842	8.546	2.02115250	1
	0.019700	10.0000	0.18645340	0.1865	-2.5296	3.4597	5.0288	11.094	9.075	8.498	8.208	2.16004992	1
	0.019700	10.0000	0.20000000	0.2000	-2.4609	3.4656	5.0142	10.922	8.917	8.339	8.054	2.22178221	1
	0.019700	10.0000	0.25000000	0.2500	-2.2487	3.4818	4.9640	10.392	8.424	7.844	7.571	2.40809011	1
	0.019700	10.0000	0.30000001	0.3000	-2.0791	3.4938	4.9213	9.968	8.030	7.445	7.183	2.54750419	1
	0.019700	10.0000	0.34999999	0.3500	-1.9322	3.5026	4.8767	9.601	7.683	7.093	6.839	2.65552020	1
	0.019700	10.0000	0.40000001	0.4000	-1.7890	3.5140	4.8370	9.243	7.353	6.753	6.509	2.74133730	1
	0.019700	10.0000	0.44999999	0.4500	-1.6418	3.5264	4.7907	8.874	7.016	6.404	6.170	2.81098008	1
	0.019700	10.0000	0.46137688	0.4614	-1.6056	3.5298	4.7788	8.784	6.934	6.318	6.087	2.82500148	1
	0.019700	10.0000	0.50000000	0.5000	-1.4889	3.5407	4.7407	8.492	6.669	6.042	5.819	2.86847806	1
	0.019700	10.0000	0.54407662	0.5440	-1.3367	3.5571	4.6909	8.112	6.332	5.690	5.478	2.91135335	1
	0.019700	10.0000	0.55000001	0.5500	-1.3171	3.5593	4.6844	8.063	6.289	5.644	5.435	2.91663504	1
	0.019700	10.0000	0.60000002	0.6000	-1.1469	3.5832	4.6477	7.637	5.931	5.265	5.081	2.95739889	1
	0.019700	10.0000	0.64999998	0.6499	-0.9716	3.6128	4.6257	7.199	5.566	4.894	4.750	2.99236870	1
	0.019700	10.0000	0.69999999	0.6999	-0.7986	3.6438	4.6089	6.767	5.214	4.575	4.470	3.02253795	1
	0.019700	10.0000	0.73178107	0.7317	-0.6886	3.6640	4.5989	6.492	4.997	4.418	4.326	3.03963327	1
	0.019700	10.0000	0.75000000	0.7499	-0.6267	3.6752	4.5923	6.337	4.876	4.335	4.249	3.04879928	1
	0.019700	10.0000	0.75051308	0.7504	-0.6251	3.6754	4.5919	6.333	4.873	4.332	4.246	3.04905105	1
	0.019700	10.0000	0.77333850	0.7732	-0.5518	3.6860	4.5739	6.149	4.723	4.217	4.136	3.05992866	1
	0.019700	10.0000	0.79333055	0.7931	-0.4878	3.6951	4.5574	5.990	4.593	4.115	4.038	3.06895709	1
	0.019700	10.0000	0.80000001	0.7998	-0.4665	3.6981	4.5517	5.936	4.550	4.081	4.006	3.07187057	1
	0.019700	10.0000	0.80905533	0.8088	-0.4372	3.7020	4.5429	5.863	4.491	4.033	3.959	3.07574773	1
	0.019700	10.0000	0.82726836	0.8270	-0.3780	3.7097	4.5242	5.715	4.370	3.936	3.865	3.08328271	1
	0.019700	10.0000	0.84462321	0.8444	-0.3214	3.7168	4.5050	5.573	4.255	3.840	3.772	3.09015274	1
	0.019700	10.0000	0.86018997	0.8599	-0.2703	3.7229	4.4865	5.446	4.150	3.752	3.687	3.09607339	1
	0.019700	10.0000	0.87519979	0.8749	-0.2209	3.7286	4.4674	5.322	4.048	3.665	3.603	3.10157800	1
	0.019700	10.0000	0.88954109	0.8892	-0.1732	3.7339	4.4477	5.203	3.950	3.580	3.521	3.10665965	1
	0.019700	10.0000	0.89534974	0.8950	-0.1538	3.7359	4.4393	5.154	3.910	3.545	3.487	3.10867047	1
	0.019700	10.0000	0.90009004	0.8997	-0.1376	3.7375	4.4316	5.114	3.876	3.515	3.458	3.11029172	1
	0.019700	10.0000	0.91425973	0.9138	-0.0885	3.7419	4.4070	4.991	3.771	3.422	3.366	3.11503530	1
	0.019700	10.0000	0.92754418	0.9271	-0.0420	3.7458	4.3822	4.875	3.671	3.331	3.277	3.11934757	1
	0.019700	10.0000	0.93986529	0.9393	0.0014	3.7490	4.3574	4.766	3.576	3.244	3.191	3.12323546	1
	0.019700	10.0000	0.94534981	0.9448	0.0205	3.7502	4.3457	4.719	3.534	3.204	3.152	3.12493277	1
	0.019700	10.0000	0.95505881	0.9545	0.0545	3.7521	4.3236	4.634	3.457	3.132	3.080	3.12788844	1
	0.019700	10.0000	0.96797752	0.9673	0.1026	3.7543	4.2904	4.514	3.346	3.027	2.976	3.13172698	1
	0.019700	10.0000	0.97633868	0.9756	0.1349	3.7557	4.2671	4.433	3.271	2.955	2.905	3.13415599	1
	0.019700	10.0000	0.99018186	0.9894	0.1912	3.7569	4.2218	4.292	3.136	2.823	2.773	3.13808489	1
	0.019700	10.0000	0.99534976	0.9945	0.2126	3.7571	4.2034	4.238	3.084	2.771	2.721	3.13952303	1
	0.019700	10.0000	1.00535357	1.0045	0.2567	3.7564	4.1607	4.128	2.971	2.656	2.606	3.14226341	1
	0.019700	10.0000	1.01082897	1.0099	0.2815	3.7554	4.1345	4.066	2.905	2.588	2.538	3.14373851	2
	0.019700	10.0000	1.01452684	1.0136	0.2983	3.7541	4.1139	4.024	2.857	2.537	2.486	3.14472508	2
	0.019700	10.0000	1.02315593	1.0222	0.3366	3.7491	4.0592	3.929	2.741	2.408	2.355	3.14699745	2
	0.019700	10.0000	1.03042924	1.0294	0.3631	3.7401	4.0000	3.862	2.639	2.283	2.228	3.14888072	2
	0.019700	10.0000	1.03454685	1.0334	0.3687	3.7297	3.9543	3.848	2.584	2.201	2.140	3.14993429	2
	0.019700	10.0000	1.03727686	1.0361	0.3673	3.7188	3.9133	3.852	2.545	2.133	2.068	3.15062785	2
	0.019700	10.0000	1.03974259	1.0386	0.3754	3.7067	3.8580	3.832	2.482	2.035	1.965	3.15125084	2
	0.019700	10.0000	1.04196095	1.0408	0.4074	3.6972	3.7887	3.752	2.369	1.894	1.819	3.15180874	2
	0.019700	10.0000	1.04284215	1.0417	0.4263	3.6940	3.7573	3.704	2.311	1.826	1.750	3.15202951	3
	0.019700	10.0000	1.04355943	1.0424	0.4502	3.6923	3.7270	3.644	2.245	1.756	1.679	3.15220904	3
	0.019700	10.0000	1.04475951	1.0435	0.4927	3.6897	3.6748	3.538	2.131	1.633	1.555	3.15250874	3
	0.019700	10.0000	1.04534972	1.0441	0.5159	3.6887	3.6477	3.480	2.070	1.569	1.490	3.15265584	3
	0.019700	10.0000	1.04564631	1.0444	0.5276	3.6882	3.6340	3.451	2.039	1.536	1.457	3.15272975	3
	0.019700	10.0000	1.04658079	1.0453	0.5686	3.6869	3.5882	3.349	1.933	1.426	1.346	3.15296221	3
	0.019700	10.0000	1.04747844	1.0462	0.6117	3.6857	3.5409	3.241	1.822	1.311	1.231	3.15318489	3
	0.019700	10.0000	1.04832232	1.0470	0.6557	3.6847	3.4929	3.131	1.709	1.195	1.114	3.15339422	3
	0.019700	10.0000	1.04910851	1.0478	0.6999	3.6837	3.4451	3.020	1.595	1.078	0.997	3.15358853	3
	0.019700	10.0000	1.04978192	1.0484	0.7404	3.6827	3.4010	2.919	1.490	0.971	0.889	3.15375495	3
	0.019700	10.0000	1.05042374	1.0490	0.7820	3.6817	3.3555	2.815	1.383	0.860	0.778	3.15391326	3
	0.019700	10.0000	1.05107272	1.0497	0.8277	3.6804	3.3050	2.701	1.264	0.738	0.655	3.15407324	3
	0.019700	10.0000	1.05162179	1.0502	0.8694	3.6792	3.2587	2.596	1.156	0.627	0.542	3.15420818	3
	0.019700	10.0000	1.05211306	1.0506	0.9099	3.6780	3.2135	2.495	1.051	0.518	0.433	3.15432906	3
	0.019700	10.0000	1.05256927	1.0510	0.9502	3.6767	3.1680	2.394	0.946	0.408	0.323	3.15444112	3
	0.019700	10.0000	1.05302083	1.0514	0.9934	3.6751	3.1188	2.286	0.833	0.291	0.204	3.15455174	3
	0.019700	10.0000	1.05351222	1.0519	1.0452	3.6732	3.0596	2.157	0.697	0.149	0.062	3.15467215	3
	0.019700	10.0000	1.05387175	1.0522	1.0860	3.6716	3.0125	2.055	0.590	0.037	-0.051	3.15476036	3
	0.019700	10.0000	1.05418897	1.0525	1.1251	3.6700	2.9670	1.957	0.487	-0.071	-0.160	3.15483785	3
	0.019700	10.0000	1.05448222	1.0527	1.1641	3.6683	2.9216	1.860	0.385	-0.178	-0.268	3.15490961	3
	0.019700	10.0000	1.05483449	1.0530	1.2150	3.6661	2.8618	1.733	0.251	-0.318	-0.411	3.15499568	3
	0.019700	10.0000	1.05514657	1.0532	1.2642	3.6638	2.8036	1.609	0.122	-0.455	-0.549	3.15507197	3
	0.019700	10.0000	1.05543244	1.0534	1.3134	3.6615	2.7451	1.486	-0.008	-0.592	-0.688	3.15514183	3
	0.019700	10.0000	1.05569816	1.0536	1.3627	3.6590	2.6859	1.363	-0.138	-0.729	-0.828	3.15520644	3
	0.019700	10.0000	1.05594146	1.0537	1.4103	3.6566	2.6288	1.244	-0.263	-0.862	-0.963	3.15526581	3
	0.019700	10.0000	1.05619073	1.0538	1.4574	3.6541	2.5718	1.126	-0.388	-0.995	-1.097	3.15532660	3
	0.019700	10.0000	1.05644584	1.0539	1.4871	3.6527	2.5364	1.052	-0.465	-1.077	-1.180	3.15538883	3
	0.019700	10.0000	1.05660808	1.0540	1.4680	3.6540	2.5608	1.100	-0.414	-1.022	-1.124	3.15542817	3
	0.019700	10.0000	1.05675864	1.0541	1.4218	3.6570	2.6189	1.216	-0.291	-0.889	-0.989	3.15546489	3
	0.019700	10.0000	1.05679286	1.0541	1.4125	3.6575	2.6305	1.239	-0.266	-0.862	-0.962	3.15547323	3
	0.019700	10.0000	1.05695319	1.0542	1.4532	3.6553	2.5809	1.137	-0.374	-0.977	-1.078	3.15551209	3
	0.019700	10.0000	1.05714738	1.0542	1.5011	3.6527	2.5226	1.017	-0.500	-1.112	-1.215	3.15555954	3
	0.019700	10.0000	1.05733299	1.0543	1.5494	3.6499	2.4633	0.897	-0.629	-1.249	-1.354	3.15560460	3
	0.019700	10.0000	1.05750418	1.0543	1.5973	3.6472	2.4044	0.777	-0.757	-1.384	-1.492	3.15564609	3
	0.019700	10.0000	1.05766213	1.0543	1.6453	3.6444	2.3451	0.657	-0.885	-1.520	-1.631	3.15568447	3
	0.019700	10.0000	1.05780435	1.0543	1.6922	3.6416	2.2870	0.539	-1.010	-1.653	-1.767	3.15571904	3
	0.019700	10.0000	1.05793452	1.0542	1.7390	3.6387	2.2286	0.423	-1.135	-1.787	-1.903	3.15575075	3
	0.019700	10.0000	1.05805492	1.0541	1.7861	3.6358	2.1698	0.305	-1.260	-1.920	-2.041	3.15577984	3
	0.019700	10.0000	1.05816114	1.0540	1.8313	3.6329	2.1131	0.192	-1.381	-2.049	-2.173	3.15580559	3
	0.019700	10.0000	1.05826032	1.0538	1.8768	3.6299	2.0557	0.078	-1.502	-2.179	-2.306	3.15582967	3
	0.019700	10.0000	1.05835128	1.0537	1.9223	3.6270	1.9982	-0.036	-1.623	-2.309	-2.440	3.15585184	3
	0.019700	10.0000	1.05843198	1.0535	1.9664	3.6239	1.9420	-0.146	-1.741	-2.435	-2.569	3.15587139	3
	0.019700	10.0000	1.05850899	1.0532	2.0121	3.6208	1.8838	-0.260	-1.863	-2.566	-2.704	3.15588999	3
	0.019700	10.0000	1.05857587	1.0530	2.0552	3.6178	1.8286	-0.368	-1.979	-2.689	-2.831	3.15590620	3
	0.019700	10.0000	1.05863965	1.0527	2.0999	3.6147	1.7712	-0.480	-2.099	-2.816	-2.963	3.15592170	3
	0.019700	10.0000	1.05869687	1.0523	2.1433	3.6116	1.7152	-0.588	-2.215	-2.941	-3.092	3.15593553	3
	0.019700	10.0000	1.05874932	1.0520	2.1864	3.6084	1.6594	-0.696	-2.330	-3.064	-3.220	3.15594840	3
	0.019700	10.0000	1.05879819	1.0515	2.2297	3.6052	1.6031	-0.804	-2.446	-3.188	-3.349	3.15596008	3
	0.019700	10.0000	1.05884171	1.0511	2.2713	3.6021	1.5488	-0.908	-2.558	-3.307	-3.473	3.15597057	3
	0.019700	10.0000	1.05888283	1.0506	2.3139	3.5988	1.4927	-1.015	-2.672	-3.430	-3.601	3.15598059	3
	0.019700	10.0000	1.05892050	1.0501	2.3558	3.5955	1.4375	-1.119	-2.784	-3.550	-3.726	3.15598989	3
	0.019700	10.0000	1.05895424	1.0495	2.3962	3.5923	1.3840	-1.220	-2.893	-3.667	-3.848	3.15599799	3
	0.019700	10.0000	1.05898619	1.0488	2.4373	3.5889	1.3289	-1.323	-3.003	-3.786	-3.972	3.15600562	3
	0.019700	10.0000	1.05901551	1.0481	2.4779	3.5855	1.2747	-1.425	-3.113	-3.904	-4.095	3.15601277	3
	0.019700	10.0000	1.05904138	1.0474	2.5163	3.5823	1.2229	-1.521	-3.217	-4.016	-4.212	3.15601897	3
	0.019700	10.0000	1.05906630	1.0466	2.5561	3.5787	1.1686	-1.620	-3.325	-4.133	-4.334	3.15602517	3
	0.019700	10.0000	1.05908918	1.0457	2.5955	3.5753	1.1150	-1.719	-3.432	-4.247	-4.455	3.15603065	3
	0.019700	10.0000	1.05911493	1.0445	2.6430	3.5710	1.0500	-1.837	-3.561	-4.386	-4.601	3.15603685	3
	0.019700	10.0000	1.05913830	1.0433	2.6895	3.5666	0.9852	-1.954	-3.689	-4.522	-4.746	3.15604258	3
	0.019700	10.0000	1.05915976	1.0418	2.7355	3.5621	0.9206	-2.069	-3.815	-4.652	-4.887	3.15604782	3
	0.019700	10.0000	1.05917931	1.0403	2.7804	3.5576	0.8569	-2.181	-3.939	-4.779	-5.026	3.15605235	3
	0.019700	10.0000	1.05919755	1.0385	2.8255	3.5530	0.7927	-2.294	-4.063	-4.906	-5.165	3.15605688	3
	0.019700	10.0000	1.05921412	1.0366	2.8694	3.5484	0.7297	-2.404	-4.184	-5.029	-5.301	3.15606093	3
	0.019700	10.0000	1.05922902	1.0346	2.9118	3.5438	0.6683	-2.509	-4.300	-5.148	-5.434	3.15606451	3
	0.019700	10.0000	1.05924320	1.0323	2.9547	3.5392	0.6057	-2.617	-4.418	-5.269	-5.568	3.15606785	3
	0.019700	10.0000	1.05925608	1.0298	2.9957	3.5347	0.5456	-2.719	-4.532	-5.384	-5.697	3.15607095	3
	0.019700	10.0000	1.05926788	1.0270	3.0361	3.5301	0.4857	-2.820	-4.643	-5.499	-5.824	3.15607381	3
	0.019700	10.0000	1.05927896	1.0241	3.0757	3.5254	0.4263	-2.919	-4.754	-5.616	-5.949	3.15607667	3
	0.019700	10.0000	1.05928946	1.0207	3.1156	3.5207	0.3660	-3.019	-4.867	-5.733	-6.075	3.15607905	3
	0.019700	10.0000	1.05929875	1.0172	3.1532	3.5160	0.3082	-3.113	-4.971	-5.844	-6.194	3.15608144	3
	0.019700	10.0000	1.05930769	1.0132	3.1910	3.5112	0.2494	-3.208	-5.077	-5.955	-6.315	3.15608358	3
	0.019700	10.0000	1.05931592	1.0089	3.2277	3.5065	0.1923	-3.299	-5.177	-6.063	-6.430	3.15608549	3
	0.019700	10.0000	1.05932367	1.0042	3.2637	3.5018	0.1351	-3.389	-5.275	-6.169	-6.546	3.15608740	3
	0.019700	10.0000	1.05933118	0.9989	3.3000	3.4970	0.0774	-3.480	-5.373	-6.276	-6.662	3.15608931	3
	0.019700	10.0000	1.05933821	0.9930	3.3359	3.4921	0.0192	-3.570	-5.469	-6.383	-6.777	3.15609097	3
	0.019700	10.0000	1.05934489	0.9865	3.3709	3.4871	-0.0384	-3.657	-5.564	-6.497	-6.892	3.15609264	3
	0.019700	10.0000	1.05935204	0.9785	3.4063	3.4821	-0.0974	-3.746	-5.662	-6.616	-7.004	3.15609431	4
	0.019700	10.0000	1.05935204	0.9788	1.6677	3.6610	2.3569	0.601	-0.898	-1.477	-1.577	3.15609431	4
	0.019700	10.0000	1.05945349	0.9788	1.6769	3.6603	2.3451	0.578	-0.923	-1.504	-1.605	3.15611887	4
	0.019700	10.0000	1.05954695	0.9788	1.6802	3.6602	2.3413	0.570	-0.932	-1.513	-1.614	3.15614152	4
	0.019700	10.0000	1.05964196	0.9787	1.6791	3.6605	2.3436	0.572	-0.929	-1.509	-1.609	3.15616441	4
	0.019700	10.0000	1.05973768	0.9787	1.6765	3.6610	2.3481	0.579	-0.921	-1.499	-1.599	3.15618753	4
	0.019700	10.0000	1.05983090	0.9787	1.6734	3.6615	2.3531	0.586	-0.912	-1.489	-1.589	3.15621018	4
	0.019700	10.0000	1.05992889	0.9787	1.6703	3.6620	2.3583	0.594	-0.902	-1.478	-1.577	3.15623379	4
	0.019700	10.0000	1.06002426	0.9787	1.6672	3.6625	2.3633	0.602	-0.893	-1.467	-1.566	3.15625691	4
	0.019700	10.0000	1.06012118	0.9787	1.6643	3.6629	2.3682	0.609	-0.884	-1.457	-1.556	3.15628028	4
	0.019700	10.0000	1.06021750	0.9787	1.6615	3.6634	2.3728	0.616	-0.876	-1.447	-1.546	3.15630364	4
	0.019700	10.0000	1.06031680	0.9787	1.6590	3.6638	2.3770	0.622	-0.869	-1.439	-1.537	3.15632749	4
	0.019700	10.0000	1.06042087	0.9786	1.6569	3.6642	2.3808	0.628	-0.862	-1.431	-1.528	3.15635276	4
	0.019700	10.0000	1.06052530	0.9786	1.6549	3.6646	2.3842	0.633	-0.856	-1.424	-1.521	3.15637803	4
	0.019700	10.0000	1.06062722	0.9786	1.6533	3.6649	2.3871	0.637	-0.851	-1.417	-1.515	3.15640259	4
	0.019700	10.0000	1.06066060	0.9786	1.6528	3.6650	2.3880	0.638	-0.849	-1.416	-1.513	3.15641069	4
	0.019700	10.0000	1.06072378	0.9786	1.6520	3.6652	2.3896	0.640	-0.847	-1.412	-1.510	3.15642595	4
	0.019700	10.0000	1.06081605	0.9786	1.6509	3.6655	2.3916	0.643	-0.844	-1.408	-1.505	3.15644813	4
	0.019700	10.0000	1.06091535	0.9786	1.6500	3.6657	2.3933	0.645	-0.841	-1.405	-1.502	3.15647221	4
	0.019700	10.0000	1.06101525	0.9786	1.6495	3.6659	2.3946	0.646	-0.839	-1.402	-1.499	3.15649629	4
	0.019700	10.0000	1.06111419	0.9786	1.6495	3.6660	2.3951	0.646	-0.838	-1.402	-1.498	3.15652013	4
	0.019700	10.0000	1.06121337	0.9786	1.6498	3.6661	2.3951	0.645	-0.839	-1.402	-1.499	3.15654397	4
	0.019700	10.0000	1.06130874	0.9786	1.6506	3.6661	2.3944	0.644	-0.841	-1.404	-1.500	3.15656686	4
	0.019700	10.0000	1.06135046	0.9786	1.6510	3.6661	2.3939	0.642	-0.842	-1.405	-1.501	3.15657711	4
	0.019700	10.0000	1.06140590	0.9786	1.6519	3.6660	2.3928	0.640	-0.845	-1.408	-1.504	3.15659046	4
	0.019700	10.0000	1.06149828	0.9786	1.6537	3.6659	2.3907	0.636	-0.849	-1.412	-1.509	3.15661263	4
	0.019700	10.0000	1.06159043	0.9786	1.6560	3.6658	2.3877	0.630	-0.856	-1.419	-1.516	3.15663481	4
	0.019700	10.0000	1.06168020	0.9786	1.6589	3.6655	2.3838	0.623	-0.864	-1.428	-1.525	3.15665650	4
	0.019700	10.0000	1.06177282	0.9786	1.6626	3.6652	2.3789	0.613	-0.874	-1.439	-1.536	3.15667892	4
	0.019700	10.0000	1.06186533	0.9786	1.6673	3.6648	2.3726	0.602	-0.887	-1.453	-1.551	3.15670109	4
	0.019700	10.0000	1.06195724	0.9786	1.6727	3.6643	2.3652	0.588	-0.902	-1.470	-1.568	3.15672326	4
	0.019700	10.0000	1.06204879	0.9786	1.6790	3.6638	2.3567	0.573	-0.919	-1.489	-1.587	3.15674520	4
	0.019700	10.0000	1.06213999	0.9786	1.6858	3.6632	2.3475	0.555	-0.938	-1.509	-1.608	3.15676713	4
	0.019700	10.0000	1.06223214	0.9786	1.6915	3.6627	2.3398	0.541	-0.954	-1.527	-1.626	3.15678930	4
	0.019700	10.0000	1.06232643	0.9785	1.7052	3.6614	2.3211	0.507	-0.992	-1.568	-1.668	3.15681219	4
	0.019700	10.0000	1.06241798	0.9785	1.7331	3.6589	2.2830	0.437	-1.069	-1.653	-1.755	3.15683413	4
	0.019700	10.0000	1.06248546	0.9785	1.7713	3.6554	2.2309	0.342	-1.175	-1.769	-1.874	3.15685034	4
	0.019700	10.0000	1.06252146	0.9784	1.8100	3.6519	2.1780	0.245	-1.282	-1.886	-1.995	3.15685892	4
	0.019700	10.0000	1.06254113	0.9784	1.8498	3.6483	2.1240	0.146	-1.391	-2.006	-2.118	3.15686369	4
	0.019700	10.0000	1.06255162	0.9784	1.8898	3.6448	2.0699	0.046	-1.501	-2.126	-2.241	3.15686631	4
	0.019700	10.0000	1.06255734	0.9784	1.9297	3.6413	2.0159	-0.054	-1.610	-2.246	-2.364	3.15686750	4
	0.019700	10.0000	1.06256056	0.9784	1.9690	3.6378	1.9629	-0.152	-1.717	-2.363	-2.485	3.15686846	4
	0.019700	10.0000	1.06256270	0.9784	2.0062	3.6346	1.9127	-0.246	-1.818	-2.474	-2.599	3.15686893	4
	0.019700	10.0000	1.06256390	0.9784	2.0359	3.6320	1.8727	-0.320	-1.899	-2.562	-2.691	3.15686917	7
	0.019700	10.0000	1.06256390	0.9784	2.0366	3.6320	1.8718	-0.321	-1.901	-2.564	-2.693	3.15686917	7
	0.019700	10.0000	1.06256425	0.9784	2.0434	3.6314	1.8626	-0.339	-1.920	-2.584	-2.714	3.15686917	7
	0.019700	10.0000	1.06256568	0.9783	2.0848	3.6279	1.8072	-0.442	-2.032	-2.706	-2.840	3.15686965	7
	0.019700	10.0000	1.06256711	0.9783	2.1263	3.6243	1.7516	-0.546	-2.144	-2.828	-2.966	3.15686989	7
	0.019700	10.0000	1.06256926	0.9783	2.1636	3.6211	1.7015	-0.639	-2.245	-2.938	-3.080	3.15687037	7
	0.019700	10.0000	1.06257308	0.9783	2.1753	3.6202	1.6860	-0.668	-2.277	-2.972	-3.115	3.15687132	7
	0.019700	10.0000	1.06258023	0.9782	2.1298	3.6241	1.7472	-0.555	-2.154	-2.838	-2.977	3.15687323	7
	0.019700	10.0000	1.06263924	0.9779	2.0933	3.6272	1.7957	-0.463	-2.055	-2.731	-2.866	3.15688729	7
	0.019700	10.0000	1.06269073	0.9776	2.1222	3.6246	1.7566	-0.535	-2.133	-2.816	-2.954	3.15689969	7
	0.019700	10.0000	1.06273139	0.9773	2.1630	3.6211	1.7014	-0.637	-2.244	-2.936	-3.079	3.15690947	7
	0.019700	10.0000	1.06276560	0.9771	2.2029	3.6176	1.6475	-0.737	-2.352	-3.054	-3.201	3.15691757	7
	0.019700	10.0000	1.06279516	0.9768	2.2431	3.6141	1.5932	-0.838	-2.461	-3.172	-3.324	3.15692472	7
	0.019700	10.0000	1.06282055	0.9765	2.2838	3.6106	1.5382	-0.939	-2.570	-3.292	-3.449	3.15693092	7
	0.019700	10.0000	1.06284273	0.9762	2.3246	3.6070	1.4830	-1.041	-2.681	-3.411	-3.574	3.15693617	7
	0.019700	10.0000	1.06286216	0.9759	2.3656	3.6034	1.4273	-1.144	-2.792	-3.532	-3.699	3.15694094	7
	0.019700	10.0000	1.06287944	0.9755	2.4064	3.5997	1.3718	-1.246	-2.901	-3.651	-3.825	3.15694499	7
	0.019700	10.0000	1.06289494	0.9752	2.4468	3.5961	1.3165	-1.347	-3.011	-3.770	-3.949	3.15694880	7
	0.019700	10.0000	1.06290925	0.9748	2.4870	3.5924	1.2614	-1.448	-3.120	-3.889	-4.073	3.15695214	7
	0.019700	10.0000	1.06292260	0.9743	2.5275	3.5886	1.2055	-1.549	-3.230	-4.009	-4.199	3.15695548	7
	0.019700	10.0000	1.06293535	0.9739	2.5680	3.5847	1.1494	-1.650	-3.340	-4.129	-4.325	3.15695858	7
	0.019700	10.0000	1.06294751	0.9733	2.6090	3.5807	1.0920	-1.752	-3.452	-4.251	-4.453	3.15696144	7
	0.019700	10.0000	1.06295907	0.9727	2.6507	3.5766	1.0336	-1.857	-3.567	-4.375	-4.584	3.15696430	7
	0.019700	10.0000	1.06296945	0.9721	2.6912	3.5725	0.9763	-1.958	-3.678	-4.494	-4.711	3.15696669	7
	0.019700	10.0000	1.06297898	0.9714	2.7337	3.5680	0.9159	-2.064	-3.796	-4.615	-4.843	3.15696907	7
	0.019700	10.0000	1.06298637	0.9708	2.7747	3.5636	0.8570	-2.167	-3.909	-4.732	-4.972	3.15697074	7
	0.019700	10.0000	1.06299138	0.9703	2.8132	3.5594	0.8013	-2.263	-4.016	-4.843	-5.093	3.15697193	7
	0.019700	10.0000	1.06299531	0.9698	2.8525	3.5550	0.7442	-2.361	-4.125	-4.955	-5.217	3.15697289	7
	0.019700	10.0000	1.06299877	0.9693	2.8916	3.5505	0.6870	-2.459	-4.234	-5.067	-5.341	3.15697384	7
	0.019700	10.0000	1.06300199	0.9688	2.9308	3.5460	0.6294	-2.557	-4.342	-5.179	-5.465	3.15697455	7
	0.019700	10.0000	1.06300509	0.9682	2.9715	3.5411	0.5688	-2.659	-4.455	-5.295	-5.596	3.15697527	7
	0.019700	10.0000	1.06300831	0.9675	3.0127	3.5361	0.5071	-2.762	-4.570	-5.413	-5.728	3.15697598	7
	0.019700	10.0000	1.06301153	0.9666	3.0552	3.5307	0.4430	-2.868	-4.688	-5.539	-5.864	3.15697670	7
	0.019700	10.0000	1.06301475	0.9656	3.0954	3.5255	0.3815	-2.968	-4.802	-5.659	-5.994	3.15697765	7
	0.019700	10.0000	1.06301820	0.9643	3.1350	3.5203	0.3206	-3.067	-4.915	-5.778	-6.122	3.15697837	7
	0.019700	10.0000	1.06302202	0.9626	3.1755	3.5150	0.2578	-3.169	-5.029	-5.899	-6.252	3.15697932	7
	0.019700	10.0000	1.06302464	0.9613	3.2152	3.5094	0.1953	-3.268	-5.140	-6.018	-6.382	3.15698004	7
	0.019700	10.0000	1.06302476	0.9613	3.2157	3.5093	0.1946	-3.269	-5.141	-6.020	-6.384	3.15698004	7
	0.019700	10.0000	1.06302488	0.9612	3.2195	3.5088	0.1884	-3.279	-5.152	-6.031	-6.396	3.15698004	7
	0.019700	10.0000	1.06302512	0.9611	3.2237	3.5082	0.1819	-3.289	-5.163	-6.044	-6.410	3.15698004	7
	0.019700	10.0000	1.06302524	0.9610	3.2265	3.5078	0.1775	-3.296	-5.171	-6.052	-6.419	3.15698004	7
	0.019700	10.0000	1.06302536	0.9609	3.2317	3.5071	0.1692	-3.309	-5.185	-6.068	-6.436	3.15698004	7
	0.019700	10.0000	1.06302559	0.9608	3.2368	3.5063	0.1611	-3.322	-5.200	-6.083	-6.453	3.15698028	7
	0.019700	10.0000	1.06302583	0.9606	3.2434	3.5054	0.1507	-3.338	-5.218	-6.103	-6.474	3.15698028	7
	0.019700	10.0000	1.06302619	0.9605	3.2511	3.5043	0.1384	-3.358	-5.239	-6.126	-6.499	3.15698028	7
	0.019700	10.0000	1.06302667	0.9603	3.2600	3.5030	0.1243	-3.380	-5.263	-6.153	-6.528	3.15698051	7
	0.019700	10.0000	1.06302726	0.9599	3.2827	3.4996	0.0880	-3.437	-5.326	-6.222	-6.603	3.15698051	7
	0.019700	10.0000	1.06302774	0.9595	3.3060	3.4961	0.0505	-3.495	-5.389	-6.292	-6.680	3.15698075	7
	0.019700	10.0000	1.06302774	0.9595	3.3065	3.4960	0.0496	-3.496	-5.390	-6.294	-6.682	3.15698075	8
