# File generated by CMD 2.7 (http://stev.oapd.inaf.it/cmd) on Thu May 14 15:38:46 CEST 2015
# PARSEC isochrones, release v1.2S
# Basic references: Bressan et al. (2012), MNRAS, 427, 127 + Chen et al. (2014), MNRAS, 444, 2525 + Tang et al. (2014), MNRAS, 445, 4287
# Warning: the TP-AGB phase is not included! TP-AGB tracks are in preparation by Marigo et al.
# Photometric system:  2MASS <i>JHK</i><sub>s</sub>
# Using NBC version of bolometric corrections as in Chen et al. (2014), MNRAS, 444, 2525
# BCs of Carbon stars derive from Aringer et al. (2009, A&A 503, 913)
# O-rich circumstellar dust ignored
# C-rich circumstellar dust ignored
# IMF: Chabrier (2001) lognormal 
# On RGB, assumed Reimers mass loss with efficiency eta=0.2
# Kind of output: isochrone tables
#	Isochrone  Z = 0.01330	Y = 0.27209	[M/H] = -0.046	eta_R = 0.200	Age = 	1.0000e+10 yr
#      Z	log(age/yr)	M_ini   	M_act	logL/Lo	logTe	logG	mbol    J       H       Ks	int_IMF	stage
	0.013300	10.0000	0.09000000	0.0900	-3.4138	3.3670	5.2260	13.305	11.052	10.479	10.220	1.46765435	1
	0.013300	10.0000	0.10000000	0.1000	-3.2268	3.3939	5.1922	12.837	10.657	10.078	9.808	1.57040203	1
	0.013300	10.0000	0.12000000	0.1200	-2.9577	3.4296	5.1451	12.164	10.078	9.493	9.212	1.74782515	1
	0.013300	10.0000	0.13910109	0.1391	-2.7842	3.4480	5.1095	11.731	9.689	9.102	8.822	1.88973439	1
	0.013300	10.0000	0.14000000	0.1400	-2.7767	3.4488	5.1079	11.712	9.672	9.085	8.805	1.89584959	1
	0.013300	10.0000	0.16000000	0.1600	-2.6347	3.4624	5.0783	11.357	9.352	8.764	8.487	2.02115250	1
	0.013300	10.0000	0.20000000	0.2000	-2.4145	3.4811	5.0300	10.806	8.849	8.258	7.991	2.22178221	1
	0.013300	10.0000	0.25000000	0.2500	-2.2021	3.4970	4.9779	10.275	8.359	7.766	7.509	2.40809011	1
	0.013300	10.0000	0.30000001	0.3000	-2.0372	3.5073	4.9335	9.863	7.971	7.375	7.126	2.54750419	1
	0.013300	10.0000	0.34999999	0.3500	-1.8907	3.5159	4.8885	9.497	7.626	7.026	6.783	2.65552020	1
	0.013300	10.0000	0.40000001	0.4000	-1.7452	3.5270	4.8451	9.133	7.290	6.683	6.448	2.74133730	1
	0.013300	10.0000	0.44999999	0.4500	-1.5927	3.5396	4.7944	8.752	6.941	6.325	6.098	2.81098008	1
	0.013300	10.0000	0.45826128	0.4582	-1.5647	3.5424	4.7854	8.682	6.878	6.260	6.035	2.82122111	1
	0.013300	10.0000	0.50000000	0.5000	-1.4303	3.5558	4.7423	8.346	6.577	5.950	5.733	2.86847806	1
	0.013300	10.0000	0.55000001	0.5500	-1.2490	3.5768	4.6866	7.893	6.182	5.539	5.340	2.91663504	1
	0.013300	10.0000	0.60000002	0.5999	-1.0718	3.6027	4.6507	7.449	5.805	5.140	4.978	2.95739889	1
	0.013300	10.0000	0.61445373	0.6144	-1.0180	3.6120	4.6445	7.315	5.692	5.024	4.876	2.96804833	1
	0.013300	10.0000	0.64999998	0.6499	-0.8904	3.6341	4.6298	6.996	5.424	4.770	4.653	2.99236870	1
	0.013300	10.0000	0.65749723	0.6574	-0.8632	3.6390	4.6268	6.928	5.369	4.719	4.608	2.99717593	1
	0.013300	10.0000	0.69999999	0.6999	-0.7140	3.6654	4.6106	6.555	5.072	4.490	4.400	3.02253795	1
	0.013300	10.0000	0.70180684	0.7017	-0.7077	3.6665	4.6097	6.539	5.059	4.481	4.392	3.02355027	1
	0.013300	10.0000	0.72227925	0.7221	-0.6366	3.6785	4.5993	6.361	4.919	4.383	4.300	3.03467512	1
	0.013300	10.0000	0.74171400	0.7416	-0.5697	3.6896	4.5883	6.194	4.786	4.285	4.206	3.04468465	1
	0.013300	10.0000	0.75000000	0.7498	-0.5412	3.6943	4.5832	6.123	4.731	4.243	4.167	3.04879928	1
	0.013300	10.0000	0.75663757	0.7565	-0.5189	3.6975	4.5776	6.067	4.687	4.208	4.134	3.05203223	1
	0.013300	10.0000	0.77517539	0.7750	-0.4566	3.7063	4.5610	5.911	4.562	4.110	4.040	3.06077695	1
	0.013300	10.0000	0.79159200	0.7914	-0.4014	3.7139	4.5455	5.773	4.452	4.022	3.955	3.06818938	1
	0.013300	10.0000	0.80000001	0.7998	-0.3731	3.7178	4.5371	5.703	4.395	3.977	3.912	3.07187057	1
	0.013300	10.0000	0.80225903	0.8020	-0.3655	3.7188	4.5347	5.684	4.380	3.964	3.899	3.07284617	1
	0.013300	10.0000	0.81949270	0.8192	-0.3068	3.7261	4.5146	5.537	4.261	3.865	3.803	3.08010769	1
	0.013300	10.0000	0.83545464	0.8351	-0.2520	3.7327	4.4945	5.400	4.150	3.771	3.712	3.08655977	1
	0.013300	10.0000	0.85000002	0.8497	-0.2018	3.7384	4.4747	5.274	4.049	3.685	3.628	3.09222293	1
	0.013300	10.0000	0.85045362	0.8501	-0.2002	3.7386	4.4740	5.270	4.045	3.682	3.625	3.09239626	1
	0.013300	10.0000	0.86681122	0.8664	-0.1421	3.7445	4.4477	5.125	3.925	3.576	3.522	3.09852576	1
	0.013300	10.0000	0.88212788	0.8817	-0.0866	3.7497	4.4205	4.986	3.808	3.472	3.420	3.10405397	1
	0.013300	10.0000	0.89573413	0.8952	-0.0362	3.7540	4.3939	4.860	3.700	3.374	3.324	3.10880256	1
	0.013300	10.0000	0.89999998	0.8995	-0.0201	3.7552	4.3850	4.820	3.665	3.342	3.293	3.11026096	1
	0.013300	10.0000	0.90661532	0.9061	0.0050	3.7570	4.3703	4.757	3.611	3.292	3.243	3.11249495	1
	0.013300	10.0000	0.92054737	0.9200	0.0585	3.7604	4.3368	4.624	3.491	3.181	3.133	3.11709213	1
	0.013300	10.0000	0.93398440	0.9333	0.1099	3.7629	4.3016	4.495	3.375	3.070	3.023	3.12139297	1
	0.013300	10.0000	0.94466871	0.9440	0.1534	3.7646	4.2698	4.387	3.274	2.973	2.927	3.12472320	1
	0.013300	10.0000	0.94916415	0.9484	0.1722	3.7652	4.2555	4.339	3.230	2.930	2.884	3.12610149	1
	0.013300	10.0000	0.94999999	0.9493	0.1759	3.7653	4.2526	4.330	3.221	2.922	2.876	3.12635612	1
	0.013300	10.0000	0.95488429	0.9541	0.1974	3.7657	4.2349	4.276	3.169	2.871	2.825	3.12783599	1
	0.013300	10.0000	0.96626097	0.9654	0.2498	3.7657	4.1879	4.146	3.039	2.741	2.695	3.13122296	1
	0.013300	10.0000	0.97526187	0.9743	0.2930	3.7646	4.1441	4.038	2.927	2.626	2.580	3.13384557	1
	0.013300	10.0000	0.97898728	0.9780	0.3113	3.7638	4.1243	3.992	2.878	2.575	2.529	3.13491654	2
	0.013300	10.0000	0.98390502	0.9829	0.3359	3.7614	4.0923	3.930	2.806	2.498	2.451	3.13631749	2
	0.013300	10.0000	0.99211216	0.9910	0.3752	3.7548	4.0301	3.832	2.680	2.355	2.306	3.13862395	2
	0.013300	10.0000	0.99732375	0.9962	0.3946	3.7462	3.9787	3.784	2.596	2.250	2.198	3.14006829	2
	0.013300	10.0000	1.00000000	0.9988	0.3995	3.7388	3.9450	3.771	2.554	2.189	2.135	3.14080405	2
	0.013300	10.0000	1.00166380	1.0004	0.3997	3.7323	3.9198	3.771	2.528	2.146	2.088	3.14125943	2
	0.013300	10.0000	1.00380266	1.0026	0.3995	3.7213	3.8768	3.771	2.485	2.073	2.011	3.14184237	2
	0.013300	10.0000	1.00588465	1.0046	0.4136	3.7101	3.8190	3.736	2.408	1.964	1.897	3.14240718	2
	0.013300	10.0000	1.00770581	1.0064	0.4496	3.7025	3.7530	3.646	2.291	1.825	1.754	3.14289927	2
	0.013300	10.0000	1.00841570	1.0071	0.4697	3.7001	3.7240	3.596	2.233	1.760	1.688	3.14309049	3
	0.013300	10.0000	1.00901961	1.0077	0.4902	3.6986	3.6974	3.544	2.176	1.698	1.626	3.14325309	3
	0.013300	10.0000	1.01018453	1.0088	0.5349	3.6960	3.6431	3.433	2.056	1.570	1.497	3.14356589	3
	0.013300	10.0000	1.01140344	1.0100	0.5887	3.6940	3.5816	3.298	1.915	1.423	1.348	3.14389229	3
	0.013300	10.0000	1.01250410	1.0111	0.6429	3.6924	3.5213	3.163	1.774	1.277	1.201	3.14418650	3
	0.013300	10.0000	1.01330674	1.0119	0.6858	3.6912	3.4742	3.056	1.663	1.162	1.086	3.14440060	3
	0.013300	10.0000	1.01400208	1.0125	0.7261	3.6902	3.4299	2.955	1.558	1.054	0.978	3.14458561	3
	0.013300	10.0000	1.01467383	1.0132	0.7678	3.6891	3.3843	2.850	1.451	0.944	0.866	3.14476418	3
	0.013300	10.0000	1.01546490	1.0139	0.8217	3.6877	3.3251	2.716	1.311	0.800	0.722	3.14497423	3
	0.013300	10.0000	1.01603925	1.0145	0.8640	3.6865	3.2783	2.610	1.201	0.687	0.609	3.14512634	3
	0.013300	10.0000	1.01668715	1.0151	0.9162	3.6850	3.2201	2.479	1.066	0.547	0.467	3.14529800	3
	0.013300	10.0000	1.01714277	1.0155	0.9563	3.6837	3.1751	2.379	0.961	0.439	0.359	3.14541841	3
	0.013300	10.0000	1.01758432	1.0159	0.9981	3.6823	3.1281	2.275	0.852	0.326	0.245	3.14553499	3
	0.013300	10.0000	1.01809013	1.0163	1.0504	3.6804	3.0683	2.144	0.715	0.183	0.101	3.14566851	3
	0.013300	10.0000	1.01853907	1.0167	1.1015	3.6785	3.0098	2.016	0.581	0.043	-0.040	3.14578676	3
	0.013300	10.0000	1.01893675	1.0170	1.1516	3.6765	2.9517	1.891	0.449	-0.095	-0.179	3.14589167	3
	0.013300	10.0000	1.01930499	1.0173	1.2028	3.6743	2.8919	1.763	0.315	-0.237	-0.322	3.14598846	3
	0.013300	10.0000	1.01962769	1.0175	1.2518	3.6722	2.8344	1.640	0.185	-0.373	-0.459	3.14607334	3
	0.013300	10.0000	1.01992178	1.0177	1.3009	3.6699	2.7762	1.518	0.056	-0.510	-0.598	3.14615059	3
	0.013300	10.0000	1.02018964	1.0179	1.3497	3.6676	2.7183	1.396	-0.073	-0.645	-0.735	3.14622092	3
	0.013300	10.0000	1.02043521	1.0180	1.3979	3.6652	2.6606	1.275	-0.200	-0.780	-0.871	3.14628553	3
	0.013300	10.0000	1.02066350	1.0181	1.4455	3.6628	2.6034	1.156	-0.326	-0.913	-1.006	3.14634538	3
	0.013300	10.0000	1.02087903	1.0182	1.4911	3.6604	2.5482	1.042	-0.447	-1.042	-1.136	3.14640188	3
	0.013300	10.0000	1.02114701	1.0183	1.5343	3.6582	2.4963	0.934	-0.560	-1.163	-1.259	3.14647222	3
	0.013300	10.0000	1.02123117	1.0183	1.5445	3.6577	2.4841	0.909	-0.587	-1.191	-1.288	3.14649415	3
	0.013300	10.0000	1.02144790	1.0183	1.5050	3.6603	2.5343	1.008	-0.481	-1.076	-1.171	3.14655089	3
	0.013300	10.0000	1.02154291	1.0184	1.4730	3.6624	2.5746	1.087	-0.395	-0.984	-1.077	3.14657593	3
	0.013300	10.0000	1.02158880	1.0184	1.4861	3.6617	2.5586	1.055	-0.430	-1.021	-1.115	3.14658785	3
	0.013300	10.0000	1.02176630	1.0184	1.5341	3.6591	2.5001	0.935	-0.557	-1.157	-1.252	3.14663434	3
	0.013300	10.0000	1.02193630	1.0184	1.5812	3.6564	2.4422	0.817	-0.683	-1.291	-1.388	3.14667869	3
	0.013300	10.0000	1.02209103	1.0184	1.6271	3.6538	2.3859	0.702	-0.806	-1.421	-1.521	3.14671922	3
	0.013300	10.0000	1.02223527	1.0184	1.6730	3.6511	2.3292	0.588	-0.929	-1.552	-1.654	3.14675689	3
	0.013300	10.0000	1.02237082	1.0183	1.7197	3.6483	2.2714	0.471	-1.054	-1.685	-1.790	3.14679241	3
	0.013300	10.0000	1.02248752	1.0182	1.7633	3.6456	2.2169	0.362	-1.170	-1.810	-1.917	3.14682293	3
	0.013300	10.0000	1.02260017	1.0181	1.8089	3.6428	2.1600	0.248	-1.292	-1.940	-2.050	3.14685225	3
	0.013300	10.0000	1.02270174	1.0180	1.8535	3.6400	2.1040	0.136	-1.412	-2.068	-2.180	3.14687896	3
	0.013300	10.0000	1.02279568	1.0178	1.8980	3.6371	2.0481	0.025	-1.530	-2.196	-2.311	3.14690351	3
	0.013300	10.0000	1.02288115	1.0176	1.9418	3.6343	1.9928	-0.085	-1.647	-2.322	-2.440	3.14692569	3
	0.013300	10.0000	1.02295935	1.0173	1.9854	3.6314	1.9375	-0.193	-1.763	-2.447	-2.568	3.14694619	3
	0.013300	10.0000	1.02303278	1.0171	2.0299	3.6284	1.8810	-0.305	-1.882	-2.575	-2.699	3.14696527	3
	0.013300	10.0000	1.02309787	1.0168	2.0726	3.6254	1.8263	-0.412	-1.997	-2.698	-2.826	3.14698219	3
	0.013300	10.0000	1.02315819	1.0164	2.1155	3.6225	1.7715	-0.519	-2.111	-2.820	-2.952	3.14699793	3
	0.013300	10.0000	1.02321362	1.0160	2.1582	3.6195	1.7166	-0.625	-2.225	-2.943	-3.079	3.14701247	3
	0.013300	10.0000	1.02326536	1.0156	2.2011	3.6164	1.6613	-0.733	-2.340	-3.066	-3.206	3.14702606	3
	0.013300	10.0000	1.02331352	1.0152	2.2443	3.6133	1.6055	-0.841	-2.454	-3.189	-3.334	3.14703846	3
	0.013300	10.0000	1.02335632	1.0147	2.2857	3.6103	1.5517	-0.944	-2.564	-3.308	-3.456	3.14704967	3
	0.013300	10.0000	1.02339685	1.0141	2.3281	3.6071	1.4964	-1.050	-2.677	-3.430	-3.582	3.14706039	3
	0.013300	10.0000	1.02343404	1.0135	2.3699	3.6039	1.4417	-1.155	-2.787	-3.550	-3.707	3.14706993	3
	0.013300	10.0000	1.02346802	1.0128	2.4110	3.6008	1.3875	-1.258	-2.896	-3.668	-3.830	3.14707875	3
	0.013300	10.0000	1.02349985	1.0121	2.4526	3.5975	1.3326	-1.361	-3.007	-3.788	-3.955	3.14708710	3
	0.013300	10.0000	1.02352858	1.0113	2.4929	3.5943	1.2791	-1.462	-3.114	-3.904	-4.076	3.14709473	3
	0.013300	10.0000	1.02355540	1.0105	2.5334	3.5910	1.2249	-1.564	-3.221	-4.021	-4.198	3.14710164	3
	0.013300	10.0000	1.02358067	1.0095	2.5745	3.5876	1.1698	-1.666	-3.331	-4.140	-4.322	3.14710832	3
	0.013300	10.0000	1.02360308	1.0085	2.6134	3.5843	1.1174	-1.763	-3.435	-4.253	-4.440	3.14711404	3
	0.013300	10.0000	1.02362466	1.0074	2.6537	3.5808	1.0626	-1.864	-3.543	-4.370	-4.563	3.14711976	3
	0.013300	10.0000	1.02364504	1.0062	2.6941	3.5772	1.0076	-1.965	-3.651	-4.488	-4.687	3.14712501	3
	0.013300	10.0000	1.02366734	1.0046	2.7419	3.5728	0.9414	-2.085	-3.782	-4.624	-4.833	3.14713073	3
	0.013300	10.0000	1.02368784	1.0028	2.7890	3.5683	0.8755	-2.202	-3.910	-4.757	-4.978	3.14713621	3
	0.013300	10.0000	1.02370691	1.0008	2.8363	3.5638	0.8092	-2.321	-4.040	-4.890	-5.123	3.14714122	3
	0.013300	10.0000	1.02372456	0.9986	2.8836	3.5592	0.7426	-2.439	-4.169	-5.023	-5.268	3.14714575	3
	0.013300	10.0000	1.02374077	0.9961	2.9302	3.5545	0.6761	-2.555	-4.297	-5.155	-5.413	3.14715004	3
	0.013300	10.0000	1.02375567	0.9933	2.9761	3.5497	0.6097	-2.670	-4.423	-5.285	-5.556	3.14715385	3
	0.013300	10.0000	1.02376938	0.9903	3.0210	3.5448	0.5440	-2.783	-4.547	-5.412	-5.697	3.14715743	3
	0.013300	10.0000	1.02378201	0.9869	3.0654	3.5400	0.4788	-2.893	-4.669	-5.538	-5.836	3.14716077	3
	0.013300	10.0000	1.02379370	0.9832	3.1089	3.5350	0.4138	-3.002	-4.790	-5.665	-5.972	3.14716363	3
	0.013300	10.0000	1.02380455	0.9790	3.1518	3.5301	0.3492	-3.110	-4.909	-5.791	-6.106	3.14716649	3
	0.013300	10.0000	1.02381444	0.9744	3.1938	3.5250	0.2849	-3.214	-5.031	-5.916	-6.240	3.14716911	3
	0.013300	10.0000	1.02382410	0.9691	3.2368	3.5197	0.2184	-3.322	-5.155	-6.044	-6.377	3.14717174	3
	0.013300	10.0000	1.02383292	0.9634	3.2780	3.5145	0.1538	-3.425	-5.270	-6.164	-6.508	3.14717388	3
	0.013300	10.0000	1.02384138	0.9568	3.3197	3.5091	0.0876	-3.529	-5.387	-6.287	-6.641	3.14717627	3
	0.013300	10.0000	1.02384925	0.9495	3.3603	3.5038	0.0225	-3.631	-5.498	-6.406	-6.771	3.14717817	3
	0.013300	10.0000	1.02385759	0.9404	3.4010	3.4985	-0.0438	-3.733	-5.612	-6.538	-6.905	3.14718032	4
	0.013300	10.0000	1.02385759	0.9406	1.6840	3.6707	2.3624	0.560	-0.902	-1.458	-1.549	3.14718032	4
	0.013300	10.0000	1.02394617	0.9405	1.6917	3.6702	2.3526	0.541	-0.923	-1.481	-1.572	3.14720345	4
	0.013300	10.0000	1.02403092	0.9405	1.6952	3.6701	2.3484	0.532	-0.932	-1.491	-1.582	3.14722562	4
	0.013300	10.0000	1.02411687	0.9405	1.6953	3.6703	2.3491	0.532	-0.932	-1.490	-1.580	3.14724803	4
	0.013300	10.0000	1.02420568	0.9405	1.6934	3.6707	2.3526	0.536	-0.926	-1.482	-1.573	3.14727116	4
	0.013300	10.0000	1.02429247	0.9404	1.6908	3.6712	2.3572	0.543	-0.918	-1.473	-1.563	3.14729357	4
	0.013300	10.0000	1.02438116	0.9404	1.6880	3.6717	2.3621	0.550	-0.909	-1.463	-1.552	3.14731669	4
	0.013300	10.0000	1.02447021	0.9404	1.6852	3.6722	2.3671	0.557	-0.900	-1.452	-1.541	3.14733982	4
	0.013300	10.0000	1.02456009	0.9404	1.6824	3.6728	2.3720	0.564	-0.892	-1.442	-1.531	3.14736319	4
	0.013300	10.0000	1.02465010	0.9403	1.6798	3.6732	2.3765	0.570	-0.884	-1.432	-1.521	3.14738679	4
	0.013300	10.0000	1.02473366	0.9403	1.6777	3.6736	2.3801	0.576	-0.877	-1.425	-1.513	3.14740849	4
	0.013300	10.0000	1.02481937	0.9403	1.6759	3.6740	2.3835	0.580	-0.872	-1.418	-1.506	3.14743066	4
	0.013300	10.0000	1.02490401	0.9403	1.6743	3.6744	2.3864	0.584	-0.867	-1.412	-1.500	3.14745283	4
	0.013300	10.0000	1.02499640	0.9403	1.6728	3.6747	2.3892	0.588	-0.862	-1.406	-1.494	3.14747667	4
	0.013300	10.0000	1.02507758	0.9402	1.6717	3.6750	2.3914	0.591	-0.858	-1.401	-1.489	3.14749789	4
	0.013300	10.0000	1.02508795	0.9402	1.6716	3.6750	2.3916	0.591	-0.858	-1.401	-1.488	3.14750051	4
	0.013300	10.0000	1.02517891	0.9402	1.6707	3.6752	2.3936	0.593	-0.855	-1.397	-1.484	3.14752412	4
	0.013300	10.0000	1.02526402	0.9402	1.6700	3.6754	2.3950	0.595	-0.852	-1.394	-1.481	3.14754629	4
	0.013300	10.0000	1.02535331	0.9402	1.6695	3.6756	2.3962	0.596	-0.851	-1.392	-1.479	3.14756942	4
	0.013300	10.0000	1.02540779	0.9402	1.6694	3.6757	2.3967	0.596	-0.850	-1.391	-1.478	3.14758372	4
	0.013300	10.0000	1.02548897	0.9402	1.6695	3.6758	2.3970	0.596	-0.850	-1.391	-1.478	3.14760470	4
	0.013300	10.0000	1.02557862	0.9402	1.6700	3.6759	2.3966	0.595	-0.851	-1.392	-1.478	3.14762807	4
	0.013300	10.0000	1.02566779	0.9401	1.6710	3.6758	2.3956	0.593	-0.854	-1.394	-1.481	3.14765120	4
	0.013300	10.0000	1.02571344	0.9401	1.6717	3.6758	2.3947	0.591	-0.855	-1.396	-1.483	3.14766288	4
	0.013300	10.0000	1.02575397	0.9401	1.6724	3.6758	2.3938	0.589	-0.857	-1.398	-1.485	3.14767361	4
	0.013300	10.0000	1.02583814	0.9401	1.6743	3.6756	2.3914	0.584	-0.862	-1.404	-1.491	3.14769530	4
	0.013300	10.0000	1.02592194	0.9401	1.6769	3.6754	2.3880	0.578	-0.870	-1.411	-1.499	3.14771700	4
	0.013300	10.0000	1.02601111	0.9401	1.6801	3.6751	2.3836	0.570	-0.879	-1.421	-1.509	3.14774013	4
	0.013300	10.0000	1.02610123	0.9401	1.6842	3.6748	2.3779	0.559	-0.890	-1.434	-1.522	3.14776349	4
	0.013300	10.0000	1.02618539	0.9400	1.6889	3.6743	2.3715	0.548	-0.903	-1.448	-1.537	3.14778543	4
	0.013300	10.0000	1.02627110	0.9400	1.6944	3.6738	2.3639	0.534	-0.919	-1.465	-1.554	3.14780760	4
	0.013300	10.0000	1.02635503	0.9400	1.7002	3.6732	2.3558	0.520	-0.935	-1.483	-1.572	3.14782929	4
	0.013300	10.0000	1.02644086	0.9400	1.7071	3.6726	2.3463	0.502	-0.955	-1.505	-1.594	3.14785171	4
	0.013300	10.0000	1.02653241	0.9399	1.7178	3.6715	2.3313	0.476	-0.985	-1.538	-1.628	3.14787531	4
	0.013300	10.0000	1.02660668	0.9399	1.7184	3.6714	2.3305	0.474	-0.987	-1.540	-1.630	3.14789462	4
	0.013300	10.0000	1.02669442	0.9399	1.7329	3.6701	2.3104	0.438	-1.027	-1.585	-1.676	3.14791727	4
	0.013300	10.0000	1.02677953	0.9398	1.7687	3.6667	2.2610	0.348	-1.127	-1.695	-1.788	3.14793944	4
	0.013300	10.0000	1.02682889	0.9398	1.8078	3.6630	2.2071	0.251	-1.237	-1.815	-1.911	3.14795208	4
	0.013300	10.0000	1.02685368	0.9397	1.8470	3.6593	2.1533	0.153	-1.346	-1.935	-2.034	3.14795852	4
	0.013300	10.0000	1.02686691	0.9397	1.8864	3.6556	2.0992	0.054	-1.455	-2.056	-2.157	3.14796185	4
	0.013300	10.0000	1.02687371	0.9397	1.9251	3.6521	2.0462	-0.043	-1.562	-2.174	-2.278	3.14796376	4
	0.013300	10.0000	1.02687752	0.9397	1.9647	3.6485	1.9922	-0.142	-1.671	-2.294	-2.402	3.14796472	4
	0.013300	10.0000	1.02687991	0.9397	2.0041	3.6450	1.9387	-0.240	-1.779	-2.413	-2.524	3.14796543	4
	0.013300	10.0000	1.02688146	0.9397	2.0400	3.6418	1.8900	-0.330	-1.878	-2.522	-2.636	3.14796567	5
	0.013300	10.0000	1.02688146	0.9397	2.0415	3.6416	1.8880	-0.334	-1.882	-2.526	-2.640	3.14796567	6
	0.013300	10.0000	1.02688146	0.9397	2.0422	3.6416	1.8870	-0.336	-1.884	-2.528	-2.642	3.14796567	7
	0.013300	10.0000	1.02688313	0.9397	2.0908	3.6373	1.8214	-0.457	-2.017	-2.674	-2.793	3.14796615	7
	0.013300	10.0000	1.02688468	0.9396	2.1336	3.6336	1.7638	-0.564	-2.133	-2.802	-2.924	3.14796662	7
	0.013300	10.0000	1.02688873	0.9396	2.1539	3.6319	1.7368	-0.615	-2.188	-2.862	-2.986	3.14796758	7
	0.013300	10.0000	1.02689612	0.9396	2.1059	3.6361	1.8016	-0.495	-2.058	-2.718	-2.838	3.14796948	7
	0.013300	10.0000	1.02695334	0.9392	2.1062	3.6360	1.8007	-0.496	-2.059	-2.720	-2.840	3.14798427	7
	0.013300	10.0000	1.02699602	0.9389	2.1498	3.6321	1.7412	-0.605	-2.178	-2.851	-2.975	3.14799547	7
	0.013300	10.0000	1.02702224	0.9387	2.1821	3.6293	1.6975	-0.685	-2.265	-2.947	-3.074	3.14800215	7
	0.013300	10.0000	1.02705169	0.9385	2.2214	3.6258	1.6443	-0.784	-2.372	-3.063	-3.195	3.14800978	7
	0.013300	10.0000	1.02707744	0.9382	2.2610	3.6224	1.5908	-0.883	-2.479	-3.180	-3.317	3.14801645	7
	0.013300	10.0000	1.02710032	0.9379	2.3011	3.6189	1.5365	-0.983	-2.587	-3.299	-3.440	3.14802241	7
	0.013300	10.0000	1.02712083	0.9376	2.3419	3.6153	1.4813	-1.085	-2.696	-3.419	-3.564	3.14802766	7
	0.013300	10.0000	1.02713907	0.9372	2.3830	3.6117	1.4256	-1.188	-2.807	-3.540	-3.690	3.14803243	7
	0.013300	10.0000	1.02715528	0.9369	2.4243	3.6081	1.3697	-1.291	-2.917	-3.661	-3.816	3.14803672	7
	0.013300	10.0000	1.02716982	0.9365	2.4655	3.6044	1.3137	-1.394	-3.027	-3.782	-3.942	3.14804029	7
	0.013300	10.0000	1.02718306	0.9361	2.5065	3.6008	1.2579	-1.496	-3.136	-3.903	-4.068	3.14804387	7
	0.013300	10.0000	1.02719545	0.9357	2.5475	3.5970	1.2017	-1.599	-3.245	-4.023	-4.194	3.14804697	7
	0.013300	10.0000	1.02720737	0.9352	2.5887	3.5932	1.1449	-1.702	-3.356	-4.145	-4.321	3.14805007	7
	0.013300	10.0000	1.02721846	0.9346	2.6297	3.5894	1.0884	-1.804	-3.465	-4.265	-4.448	3.14805293	7
	0.013300	10.0000	1.02722943	0.9340	2.6717	3.5854	1.0301	-1.909	-3.578	-4.390	-4.578	3.14805579	7
	0.013300	10.0000	1.02723944	0.9333	2.7134	3.5813	0.9719	-2.014	-3.691	-4.511	-4.708	3.14805841	7
	0.013300	10.0000	1.02724910	0.9325	2.7568	3.5770	0.9108	-2.122	-3.811	-4.636	-4.842	3.14806080	7
	0.013300	10.0000	1.02725732	0.9317	2.8028	3.5723	0.8458	-2.237	-3.937	-4.767	-4.986	3.14806294	7
	0.013300	10.0000	1.02726281	0.9311	2.8494	3.5674	0.7791	-2.353	-4.065	-4.900	-5.132	3.14806437	7
	0.013300	10.0000	1.02726686	0.9305	2.8932	3.5627	0.7163	-2.463	-4.185	-5.026	-5.269	3.14806557	7
	0.013300	10.0000	1.02727056	0.9299	2.9381	3.5577	0.6510	-2.575	-4.309	-5.155	-5.411	3.14806652	7
	0.013300	10.0000	1.02727377	0.9292	2.9822	3.5526	0.5864	-2.686	-4.432	-5.282	-5.552	3.14806724	7
	0.013300	10.0000	1.02727687	0.9285	3.0254	3.5476	0.5226	-2.793	-4.551	-5.406	-5.689	3.14806795	7
	0.013300	10.0000	1.02727973	0.9277	3.0664	3.5426	0.4613	-2.896	-4.665	-5.526	-5.820	3.14806890	7
	0.013300	10.0000	1.02728283	0.9267	3.1054	3.5378	0.4026	-2.994	-4.774	-5.642	-5.945	3.14806962	7
	0.013300	10.0000	1.02728629	0.9253	3.1463	3.5327	0.3409	-3.096	-4.888	-5.763	-6.074	3.14807057	7
	0.013300	10.0000	1.02728927	0.9239	3.1781	3.5287	0.2921	-3.175	-4.978	-5.858	-6.177	3.14807129	7
	0.013300	10.0000	1.02728951	0.9238	3.1726	3.5294	0.3005	-3.161	-4.962	-5.841	-6.159	3.14807129	7
	0.013300	10.0000	1.02728975	0.9237	3.1696	3.5297	0.3048	-3.154	-4.954	-5.833	-6.149	3.14807129	7
	0.013300	10.0000	1.02728999	0.9236	3.1760	3.5289	0.2951	-3.170	-4.972	-5.852	-6.170	3.14807153	7
	0.013300	10.0000	1.02729011	0.9235	3.1836	3.5279	0.2836	-3.189	-4.995	-5.875	-6.195	3.14807153	7
	0.013300	10.0000	1.02729034	0.9234	3.1937	3.5266	0.2681	-3.214	-5.024	-5.905	-6.228	3.14807153	7
	0.013300	10.0000	1.02729058	0.9233	3.2030	3.5254	0.2537	-3.238	-5.052	-5.934	-6.258	3.14807153	7
	0.013300	10.0000	1.02729094	0.9231	3.2131	3.5240	0.2382	-3.263	-5.081	-5.964	-6.291	3.14807177	7
	0.013300	10.0000	1.02729142	0.9228	3.2253	3.5223	0.2190	-3.293	-5.118	-6.001	-6.332	3.14807177	7
	0.013300	10.0000	1.02729201	0.9224	3.2651	3.5168	0.1568	-3.393	-5.232	-6.122	-6.462	3.14807200	7
	0.013300	10.0000	1.02729237	0.9222	3.2742	3.5155	0.1427	-3.415	-5.258	-6.149	-6.491	3.14807200	7
	0.013300	10.0000	1.02729237	0.9222	3.2741	3.5155	0.1428	-3.415	-5.258	-6.148	-6.491	3.14807200	8
