# File generated by CMD 2.7 (http://stev.oapd.inaf.it/cmd) on Thu May 14 15:38:46 CEST 2015
# PARSEC isochrones, release v1.2S
# Basic references: Bressan et al. (2012), MNRAS, 427, 127 + Chen et al. (2014), MNRAS, 444, 2525 + Tang et al. (2014), MNRAS, 445, 4287
# Warning: the TP-AGB phase is not included! TP-AGB tracks are in preparation by Marigo et al.
# Photometric system:  2MASS <i>JHK</i><sub>s</sub>
# Using NBC version of bolometric corrections as in Chen et al. (2014), MNRAS, 444, 2525
# BCs of Carbon stars derive from Aringer et al. (2009, A&A 503, 913)
# O-rich circumstellar dust ignored
# C-rich circumstellar dust ignored
# IMF: Chabrier (2001) lognormal 
# On RGB, assumed Reimers mass loss with efficiency eta=0.2
# Kind of output: isochrone tables
#	Isochrone  Z = 0.01620	Y = 0.27751	[M/H] = 0.045	eta_R = 0.200	Age = 	1.0000e+10 yr
#      Z	log(age/yr)	M_ini   	M_act	logL/Lo	logTe	logG	mbol    J       H       Ks	int_IMF	stage
	0.016200	10.0000	0.09000000	0.0900	-3.4263	3.3606	5.2130	13.336	11.075	10.493	10.213	1.46765435	1
	0.016200	10.0000	0.09690922	0.0969	-3.2999	3.3784	5.1898	13.020	10.804	10.222	9.937	1.53972244	1
	0.016200	10.0000	0.10000000	0.1000	-3.2462	3.3859	5.1800	12.886	10.689	10.107	9.820	1.57040203	1
	0.016200	10.0000	0.12000000	0.1200	-2.9848	3.4199	5.1336	12.232	10.121	9.538	9.246	1.74782515	1
	0.016200	10.0000	0.14000000	0.1400	-2.7990	3.4409	5.0988	11.767	9.708	9.123	8.833	1.89584959	1
	0.016200	10.0000	0.16000000	0.1600	-2.6575	3.4545	5.0697	11.414	9.387	8.802	8.516	2.02115250	1
	0.016200	10.0000	0.20000000	0.2000	-2.4381	3.4733	5.0223	10.865	8.884	8.297	8.021	2.22178221	1
	0.016200	10.0000	0.25000000	0.2500	-2.2246	3.4897	4.9714	10.332	8.392	7.803	7.538	2.40809011	1
	0.016200	10.0000	0.30000001	0.3000	-2.0578	3.5005	4.9270	9.915	8.000	7.408	7.152	2.54750419	1
	0.016200	10.0000	0.34999999	0.3500	-1.9116	3.5093	4.8828	9.549	7.655	7.058	6.810	2.65552020	1
	0.016200	10.0000	0.40000001	0.4000	-1.7672	3.5205	4.8413	9.188	7.323	6.717	6.478	2.74133730	1
	0.016200	10.0000	0.44999999	0.4500	-1.6177	3.5329	4.7925	8.814	6.980	6.363	6.133	2.81098008	1
	0.016200	10.0000	0.50000000	0.5000	-1.4604	3.5479	4.7410	8.421	6.625	5.996	5.776	2.86847806	1
	0.016200	10.0000	0.55000001	0.5500	-1.2835	3.5678	4.6853	7.979	6.238	5.592	5.387	2.91663504	1
	0.016200	10.0000	0.60000002	0.5999	-1.1098	3.5927	4.6488	7.545	5.870	5.205	5.030	2.95739889	1
	0.016200	10.0000	0.64999998	0.6499	-0.9312	3.6234	4.6276	7.098	5.495	4.831	4.700	2.99236870	1
	0.016200	10.0000	0.69999999	0.6999	-0.7566	3.6545	4.6097	6.661	5.142	4.530	4.433	3.02253795	1
	0.016200	10.0000	0.70559156	0.7055	-0.7371	3.6580	4.6075	6.613	5.104	4.502	4.408	3.02565408	1
	0.016200	10.0000	0.73132521	0.7312	-0.6484	3.6735	4.5966	6.391	4.929	4.378	4.292	3.03939819	1
	0.016200	10.0000	0.75000000	0.7498	-0.5847	3.6845	4.5875	6.232	4.804	4.290	4.209	3.04879928	1
	0.016200	10.0000	0.76122695	0.7611	-0.5478	3.6898	4.5785	6.140	4.729	4.230	4.152	3.05423570	1
	0.016200	10.0000	0.78034979	0.7802	-0.4850	3.6988	4.5624	5.983	4.603	4.132	4.058	3.06314611	1
	0.016200	10.0000	0.79839635	0.7982	-0.4259	3.7071	4.5463	5.835	4.484	4.038	3.967	3.07117462	1
	0.016200	10.0000	0.80000001	0.7998	-0.4206	3.7078	4.5448	5.821	4.473	4.030	3.959	3.07187057	1
	0.016200	10.0000	0.81577283	0.8155	-0.3683	3.7147	4.5284	5.691	4.368	3.944	3.876	3.07856703	1
	0.016200	10.0000	0.83267391	0.8324	-0.3121	3.7218	4.5096	5.550	4.254	3.849	3.785	3.08545399	1
	0.016200	10.0000	0.84883720	0.8485	-0.2580	3.7284	4.4901	5.415	4.143	3.756	3.694	3.09177756	1
	0.016200	10.0000	0.85000002	0.8497	-0.2541	3.7288	4.4887	5.405	4.135	3.750	3.688	3.09222293	1
	0.016200	10.0000	0.85216832	0.8519	-0.2468	3.7297	4.4858	5.387	4.120	3.737	3.675	3.09305024	1
	0.016200	10.0000	0.86885512	0.8685	-0.1896	3.7359	4.4619	5.244	4.003	3.635	3.577	3.09927511	1
	0.016200	10.0000	0.88470227	0.8843	-0.1347	3.7414	4.4370	5.107	3.889	3.535	3.480	3.10496402	1
	0.016200	10.0000	0.89902967	0.8986	-0.0841	3.7462	4.4125	4.980	3.782	3.441	3.387	3.10993052	1
	0.016200	10.0000	0.89999998	0.8996	-0.0807	3.7465	4.4108	4.972	3.775	3.434	3.381	3.11026096	1
	0.016200	10.0000	0.91556716	0.9151	-0.0239	3.7510	4.3794	4.830	3.652	3.322	3.271	3.11546540	1
	0.016200	10.0000	0.92981845	0.9293	0.0286	3.7547	4.3482	4.698	3.537	3.215	3.165	3.12007308	1
	0.016200	10.0000	0.94405133	0.9434	0.0804	3.7575	4.3142	4.569	3.420	3.105	3.056	3.12453294	1
	0.016200	10.0000	0.94999999	0.9494	0.1030	3.7585	4.2984	4.512	3.368	3.055	3.006	3.12635612	1
	0.016200	10.0000	0.95768911	0.9570	0.1334	3.7597	4.2764	4.437	3.297	2.987	2.939	3.12867856	1
	0.016200	10.0000	0.96267420	0.9620	0.1537	3.7605	4.2613	4.386	3.250	2.942	2.894	3.13016391	1
	0.016200	10.0000	0.96774000	0.9670	0.1751	3.7610	4.2441	4.332	3.199	2.892	2.844	3.13165736	1
	0.016200	10.0000	0.97660333	0.9758	0.2133	3.7614	4.2118	4.237	3.106	2.800	2.753	3.13423204	1
	0.016200	10.0000	0.98614931	0.9853	0.2561	3.7610	4.1716	4.130	2.997	2.691	2.643	3.13695216	1
	0.016200	10.0000	0.99481976	0.9939	0.2961	3.7597	4.1299	4.030	2.892	2.582	2.534	3.13937616	2
	0.016200	10.0000	1.00000000	0.9990	0.3206	3.7576	4.0992	3.968	2.822	2.507	2.458	3.14080405	2
	0.016200	10.0000	1.00432003	1.0033	0.3414	3.7554	4.0716	3.917	2.761	2.440	2.391	3.14198279	2
	0.016200	10.0000	1.01198876	1.0109	0.3738	3.7468	4.0082	3.835	2.644	2.302	2.250	3.14404893	2
	0.016200	10.0000	1.01610935	1.0150	0.3833	3.7374	3.9629	3.812	2.583	2.218	2.162	3.14514494	2
	0.016200	10.0000	1.01866508	1.0175	0.3831	3.7279	3.9260	3.812	2.546	2.155	2.095	3.14582014	2
	0.016200	10.0000	1.02081645	1.0196	0.3832	3.7174	3.8849	3.812	2.505	2.086	2.021	3.14638543	2
	0.016200	10.0000	1.02287865	1.0217	0.3971	3.7070	3.8302	3.777	2.433	1.983	1.915	3.14692497	2
	0.016200	10.0000	1.02468336	1.0234	0.4298	3.6996	3.7685	3.696	2.326	1.854	1.782	3.14739537	2
	0.016200	10.0000	1.02539051	1.0241	0.4464	3.6970	3.7420	3.654	2.275	1.796	1.722	3.14757919	3
	0.016200	10.0000	1.02600980	1.0247	0.4675	3.6955	3.7153	3.601	2.218	1.734	1.660	3.14773989	3
	0.016200	10.0000	1.02724361	1.0260	0.5121	3.6928	3.6603	3.490	2.097	1.605	1.529	3.14805937	3
	0.016200	10.0000	1.02824712	1.0269	0.5539	3.6911	3.6120	3.385	1.987	1.489	1.413	3.14831877	3
	0.016200	10.0000	1.02920961	1.0279	0.5978	3.6897	3.5629	3.276	1.873	1.371	1.293	3.14856696	3
	0.016200	10.0000	1.03028572	1.0289	0.6520	3.6882	3.5034	3.140	1.734	1.226	1.149	3.14884400	3
	0.016200	10.0000	1.03109765	1.0297	0.6967	3.6872	3.4547	3.028	1.618	1.108	1.029	3.14905238	3
	0.016200	10.0000	1.03180170	1.0304	0.7385	3.6862	3.4091	2.924	1.510	0.997	0.918	3.14923310	3
	0.016200	10.0000	1.03246832	1.0310	0.7812	3.6851	3.3625	2.817	1.400	0.884	0.804	3.14940357	3
	0.016200	10.0000	1.03309131	1.0316	0.8243	3.6840	3.3151	2.709	1.288	0.769	0.689	3.14956307	3
	0.016200	10.0000	1.03363347	1.0321	0.8648	3.6829	3.2704	2.608	1.183	0.661	0.580	3.14970136	3
	0.016200	10.0000	1.03417587	1.0326	0.9085	3.6816	3.2217	2.499	1.069	0.544	0.462	3.14983988	3
	0.016200	10.0000	1.03478634	1.0332	0.9623	3.6798	3.1611	2.364	0.929	0.398	0.315	3.14999533	3
	0.016200	10.0000	1.03521729	1.0336	1.0039	3.6784	3.1140	2.260	0.820	0.285	0.201	3.15010500	3
	0.016200	10.0000	1.03559947	1.0339	1.0441	3.6769	3.0680	2.160	0.715	0.175	0.090	3.15020227	3
	0.016200	10.0000	1.03595591	1.0342	1.0842	3.6754	3.0219	2.059	0.610	0.065	-0.021	3.15029287	3
	0.016200	10.0000	1.03637707	1.0346	1.1356	3.6733	2.9624	1.931	0.475	-0.076	-0.163	3.15039968	3
	0.016200	10.0000	1.03675187	1.0349	1.1863	3.6711	2.9032	1.804	0.342	-0.216	-0.304	3.15049481	3
	0.016200	10.0000	1.03702033	1.0351	1.2260	3.6694	2.8566	1.705	0.237	-0.326	-0.415	3.15056300	3
	0.016200	10.0000	1.03732586	1.0353	1.2748	3.6672	2.7989	1.583	0.109	-0.461	-0.552	3.15064025	3
	0.016200	10.0000	1.03761637	1.0355	1.3254	3.6648	2.7387	1.456	-0.025	-0.602	-0.695	3.15071392	3
	0.016200	10.0000	1.03787732	1.0356	1.3747	3.6623	2.6798	1.333	-0.155	-0.740	-0.834	3.15077996	3
	0.016200	10.0000	1.03811741	1.0358	1.4227	3.6599	2.6221	1.213	-0.282	-0.874	-0.971	3.15084076	3
	0.016200	10.0000	1.03835344	1.0359	1.4697	3.6574	2.5654	1.096	-0.406	-1.006	-1.104	3.15090036	3
	0.016200	10.0000	1.03867686	1.0360	1.5143	3.6552	2.5117	0.984	-0.523	-1.131	-1.230	3.15098214	3
	0.016200	10.0000	1.03890586	1.0360	1.4729	3.6580	2.5644	1.088	-0.412	-1.011	-1.109	3.15103984	3
	0.016200	10.0000	1.03900623	1.0361	1.4410	3.6600	2.6045	1.168	-0.327	-0.919	-1.015	3.15106511	3
	0.016200	10.0000	1.03904998	1.0361	1.4524	3.6594	2.5907	1.139	-0.357	-0.951	-1.048	3.15107632	3
	0.016200	10.0000	1.03924334	1.0362	1.5023	3.6567	2.5298	1.014	-0.489	-1.092	-1.191	3.15112495	3
	0.016200	10.0000	1.03942788	1.0362	1.5510	3.6539	2.4701	0.892	-0.619	-1.230	-1.331	3.15117168	3
	0.016200	10.0000	1.03959548	1.0362	1.5982	3.6512	2.4123	0.775	-0.745	-1.363	-1.466	3.15121388	3
	0.016200	10.0000	1.03975046	1.0362	1.6451	3.6485	2.3545	0.657	-0.870	-1.496	-1.602	3.15125299	3
	0.016200	10.0000	1.03989375	1.0362	1.6921	3.6457	2.2962	0.540	-0.995	-1.630	-1.739	3.15128899	3
	0.016200	10.0000	1.04002285	1.0361	1.7381	3.6429	2.2389	0.425	-1.118	-1.761	-1.873	3.15132165	3
	0.016200	10.0000	1.04014158	1.0360	1.7842	3.6401	2.1815	0.310	-1.241	-1.893	-2.007	3.15135145	3
	0.016200	10.0000	1.04025066	1.0359	1.8301	3.6372	2.1239	0.195	-1.364	-2.024	-2.141	3.15137887	3
	0.016200	10.0000	1.04035020	1.0357	1.8755	3.6343	2.0668	0.081	-1.485	-2.154	-2.274	3.15140390	3
	0.016200	10.0000	1.04044068	1.0355	1.9202	3.6314	2.0104	-0.030	-1.604	-2.283	-2.405	3.15142679	3
	0.016200	10.0000	1.04052389	1.0353	1.9650	3.6284	1.9536	-0.142	-1.724	-2.411	-2.537	3.15144777	3
	0.016200	10.0000	1.04060054	1.0351	2.0099	3.6253	1.8964	-0.255	-1.844	-2.539	-2.670	3.15146685	3
	0.016200	10.0000	1.04066837	1.0348	2.0531	3.6224	1.8413	-0.363	-1.959	-2.663	-2.797	3.15148401	3
	0.016200	10.0000	1.04073215	1.0345	2.0971	3.6193	1.7849	-0.473	-2.077	-2.789	-2.927	3.15149999	3
	0.016200	10.0000	1.04079020	1.0341	2.1405	3.6163	1.7292	-0.581	-2.193	-2.913	-3.055	3.15151477	3
	0.016200	10.0000	1.04084349	1.0337	2.1836	3.6132	1.6735	-0.689	-2.308	-3.036	-3.183	3.15152812	3
	0.016200	10.0000	1.04089332	1.0333	2.2271	3.6100	1.6172	-0.798	-2.423	-3.161	-3.312	3.15154052	3
	0.016200	10.0000	1.04093754	1.0328	2.2689	3.6069	1.5628	-0.902	-2.535	-3.281	-3.436	3.15155172	3
	0.016200	10.0000	1.04097927	1.0323	2.3114	3.6037	1.5072	-1.009	-2.648	-3.403	-3.563	3.15156221	3
	0.016200	10.0000	1.04101741	1.0318	2.3533	3.6005	1.4523	-1.113	-2.759	-3.523	-3.688	3.15157175	3
	0.016200	10.0000	1.04105198	1.0311	2.3942	3.5973	1.3983	-1.216	-2.869	-3.641	-3.811	3.15158057	3
	0.016200	10.0000	1.04108453	1.0305	2.4356	3.5940	1.3435	-1.319	-2.979	-3.760	-3.935	3.15158868	3
	0.016200	10.0000	1.04111421	1.0297	2.4763	3.5907	1.2893	-1.421	-3.087	-3.877	-4.058	3.15159607	3
	0.016200	10.0000	1.04114103	1.0290	2.5156	3.5874	1.2365	-1.519	-3.193	-3.991	-4.177	3.15160275	3
	0.016200	10.0000	1.04116666	1.0281	2.5562	3.5840	1.1817	-1.621	-3.302	-4.109	-4.300	3.15160918	3
	0.016200	10.0000	1.04118967	1.0272	2.5953	3.5806	1.1288	-1.718	-3.407	-4.223	-4.419	3.15161514	3
	0.016200	10.0000	1.04121065	1.0262	2.6333	3.5773	1.0770	-1.813	-3.510	-4.334	-4.536	3.15162039	3
	0.016200	10.0000	1.04123104	1.0251	2.6726	3.5737	1.0229	-1.911	-3.616	-4.450	-4.657	3.15162539	3
	0.016200	10.0000	1.04124928	1.0240	2.7101	3.5702	0.9711	-2.005	-3.718	-4.557	-4.772	3.15163016	3
	0.016200	10.0000	1.04127014	1.0224	2.7559	3.5659	0.9073	-2.120	-3.844	-4.686	-4.912	3.15163541	3
	0.016200	10.0000	1.04128933	1.0207	2.8013	3.5614	0.8434	-2.233	-3.969	-4.813	-5.052	3.15164018	3
	0.016200	10.0000	1.04130721	1.0188	2.8467	3.5569	0.7789	-2.347	-4.094	-4.942	-5.192	3.15164471	3
	0.016200	10.0000	1.04132354	1.0167	2.8909	3.5524	0.7157	-2.457	-4.215	-5.066	-5.330	3.15164876	3
	0.016200	10.0000	1.04133832	1.0144	2.9341	3.5478	0.6534	-2.565	-4.334	-5.188	-5.464	3.15165234	3
	0.016200	10.0000	1.04135215	1.0119	2.9768	3.5432	0.5911	-2.672	-4.452	-5.309	-5.598	3.15165591	3
	0.016200	10.0000	1.04136479	1.0091	3.0186	3.5386	0.5298	-2.776	-4.567	-5.427	-5.729	3.15165901	3
	0.016200	10.0000	1.04137671	1.0060	3.0602	3.5339	0.4681	-2.881	-4.682	-5.546	-5.859	3.15166211	3
	0.016200	10.0000	1.04138756	1.0027	3.1004	3.5293	0.4080	-2.981	-4.794	-5.664	-5.985	3.15166473	3
	0.016200	10.0000	1.04139781	0.9990	3.1407	3.5245	0.3471	-3.082	-4.909	-5.783	-6.113	3.15166736	3
	0.016200	10.0000	1.04140711	0.9950	3.1792	3.5198	0.2879	-3.178	-5.020	-5.897	-6.235	3.15166974	3
	0.016200	10.0000	1.04141593	0.9905	3.2177	3.5150	0.2281	-3.274	-5.127	-6.010	-6.357	3.15167189	3
	0.016200	10.0000	1.04142427	0.9855	3.2561	3.5101	0.1681	-3.370	-5.235	-6.123	-6.479	3.15167403	3
	0.016200	10.0000	1.04143190	0.9802	3.2924	3.5054	0.1106	-3.461	-5.334	-6.229	-6.595	3.15167594	3
	0.016200	10.0000	1.04143929	0.9742	3.3293	3.5005	0.0512	-3.553	-5.434	-6.338	-6.714	3.15167785	3
	0.016200	10.0000	1.04144621	0.9676	3.3649	3.4957	-0.0066	-3.642	-5.530	-6.445	-6.828	3.15167952	3
	0.016200	10.0000	1.04145408	0.9589	3.4041	3.4903	-0.0712	-3.740	-5.640	-6.580	-6.958	3.15168142	4
	0.016200	10.0000	1.04145408	0.9591	1.6772	3.6657	2.3573	0.577	-0.905	-1.473	-1.568	3.15168142	4
	0.016200	10.0000	1.04155183	0.9591	1.6856	3.6651	2.3467	0.556	-0.928	-1.497	-1.593	3.15170598	4
	0.016200	10.0000	1.04164064	0.9590	1.6888	3.6650	2.3430	0.548	-0.936	-1.506	-1.602	3.15172839	4
	0.016200	10.0000	1.04173100	0.9590	1.6880	3.6652	2.3448	0.550	-0.933	-1.503	-1.598	3.15175104	4
	0.016200	10.0000	1.04182184	0.9590	1.6857	3.6657	2.3489	0.556	-0.926	-1.494	-1.589	3.15177393	4
	0.016200	10.0000	1.04191363	0.9590	1.6828	3.6662	2.3538	0.563	-0.917	-1.484	-1.578	3.15179682	4
	0.016200	10.0000	1.04200304	0.9589	1.6799	3.6667	2.3587	0.570	-0.909	-1.473	-1.568	3.15181923	4
	0.016200	10.0000	1.04209507	0.9589	1.6769	3.6672	2.3638	0.578	-0.900	-1.463	-1.557	3.15184236	4
	0.016200	10.0000	1.04218900	0.9589	1.6740	3.6678	2.3688	0.585	-0.891	-1.452	-1.546	3.15186596	4
	0.016200	10.0000	1.04228091	0.9589	1.6714	3.6682	2.3734	0.591	-0.883	-1.443	-1.536	3.15188885	4
	0.016200	10.0000	1.04237676	0.9589	1.6691	3.6687	2.3773	0.597	-0.876	-1.434	-1.527	3.15191293	4
	0.016200	10.0000	1.04247367	0.9589	1.6671	3.6691	2.3809	0.602	-0.870	-1.427	-1.520	3.15193725	4
	0.016200	10.0000	1.04257166	0.9589	1.6653	3.6694	2.3842	0.607	-0.864	-1.420	-1.513	3.15196180	4
	0.016200	10.0000	1.04266727	0.9588	1.6638	3.6698	2.3870	0.610	-0.859	-1.415	-1.507	3.15198588	4
	0.016200	10.0000	1.04270673	0.9588	1.6633	3.6699	2.3880	0.612	-0.858	-1.412	-1.505	3.15199566	4
	0.016200	10.0000	1.04275882	0.9588	1.6626	3.6700	2.3893	0.613	-0.856	-1.410	-1.502	3.15200877	4
	0.016200	10.0000	1.04284942	0.9588	1.6616	3.6703	2.3912	0.616	-0.852	-1.406	-1.498	3.15203142	4
	0.016200	10.0000	1.04294705	0.9588	1.6608	3.6705	2.3929	0.618	-0.850	-1.403	-1.494	3.15205574	4
	0.016200	10.0000	1.04304326	0.9588	1.6604	3.6707	2.3939	0.619	-0.848	-1.401	-1.492	3.15207982	4
	0.016200	10.0000	1.04313886	0.9588	1.6605	3.6708	2.3944	0.619	-0.848	-1.400	-1.491	3.15210390	4
	0.016200	10.0000	1.04322875	0.9588	1.6609	3.6708	2.3942	0.618	-0.849	-1.401	-1.492	3.15212631	4
	0.016200	10.0000	1.04332232	0.9588	1.6618	3.6708	2.3933	0.616	-0.851	-1.403	-1.494	3.15214968	4
	0.016200	10.0000	1.04336846	0.9588	1.6624	3.6708	2.3925	0.614	-0.853	-1.405	-1.496	3.15216136	4
	0.016200	10.0000	1.04341471	0.9588	1.6632	3.6708	2.3916	0.612	-0.855	-1.407	-1.498	3.15217280	4
	0.016200	10.0000	1.04350436	0.9588	1.6650	3.6707	2.3893	0.607	-0.860	-1.412	-1.504	3.15219522	4
	0.016200	10.0000	1.04359877	0.9588	1.6676	3.6705	2.3859	0.601	-0.867	-1.420	-1.511	3.15221882	4
	0.016200	10.0000	1.04369318	0.9587	1.6709	3.6702	2.3816	0.593	-0.876	-1.430	-1.522	3.15224242	4
	0.016200	10.0000	1.04378188	0.9587	1.6747	3.6698	2.3764	0.583	-0.886	-1.441	-1.533	3.15226460	4
	0.016200	10.0000	1.04387033	0.9587	1.6793	3.6694	2.3700	0.572	-0.900	-1.455	-1.548	3.15228677	4
	0.016200	10.0000	1.04395902	0.9587	1.6846	3.6689	2.3628	0.558	-0.914	-1.472	-1.564	3.15230894	4
	0.016200	10.0000	1.04404926	0.9587	1.6909	3.6683	2.3540	0.543	-0.932	-1.491	-1.584	3.15233159	4
	0.016200	10.0000	1.04413855	0.9587	1.6976	3.6677	2.3448	0.526	-0.951	-1.512	-1.605	3.15235376	4
	0.016200	10.0000	1.04422951	0.9586	1.7009	3.6674	2.3403	0.518	-0.960	-1.522	-1.616	3.15237641	4
	0.016200	10.0000	1.04431999	0.9586	1.7129	3.6662	2.3237	0.488	-0.993	-1.559	-1.653	3.15239906	4
	0.016200	10.0000	1.04440963	0.9586	1.7406	3.6637	2.2858	0.419	-1.070	-1.643	-1.740	3.15242147	4
	0.016200	10.0000	1.04447925	0.9585	1.7791	3.6601	2.2331	0.322	-1.177	-1.761	-1.860	3.15243888	4
	0.016200	10.0000	1.04451537	0.9585	1.8191	3.6564	2.1780	0.222	-1.288	-1.883	-1.986	3.15244794	4
	0.016200	10.0000	1.04453504	0.9585	1.8623	3.6525	2.1192	0.114	-1.408	-2.014	-2.120	3.15245271	4
	0.016200	10.0000	1.04454458	0.9584	1.9026	3.6488	2.0642	0.013	-1.519	-2.136	-2.246	3.15245509	4
	0.016200	10.0000	1.04454935	0.9584	1.9407	3.6454	2.0125	-0.082	-1.623	-2.251	-2.364	3.15245628	4
	0.016200	10.0000	1.04455233	0.9584	1.9794	3.6420	1.9602	-0.178	-1.729	-2.367	-2.483	3.15245700	4
	0.016200	10.0000	1.04455435	0.9584	2.0173	3.6387	1.9089	-0.273	-1.833	-2.481	-2.600	3.15245748	4
	0.016200	10.0000	1.04455519	0.9584	2.0399	3.6367	1.8783	-0.330	-1.895	-2.549	-2.670	3.15245771	7
	0.016200	10.0000	1.04455519	0.9584	2.0406	3.6366	1.8774	-0.331	-1.896	-2.551	-2.672	3.15245771	7
	0.016200	10.0000	1.04455590	0.9584	2.0577	3.6351	1.8544	-0.374	-1.943	-2.602	-2.725	3.15245795	7
	0.016200	10.0000	1.04455721	0.9584	2.0967	3.6318	1.8019	-0.472	-2.049	-2.718	-2.845	3.15245819	7
	0.016200	10.0000	1.04455864	0.9584	2.1357	3.6284	1.7496	-0.569	-2.155	-2.833	-2.964	3.15245867	7
	0.016200	10.0000	1.04456079	0.9584	2.1489	3.6273	1.7320	-0.602	-2.191	-2.872	-3.004	3.15245914	7
	0.016200	10.0000	1.04456472	0.9584	2.1304	3.6290	1.7570	-0.556	-2.141	-2.817	-2.947	3.15246010	7
	0.016200	10.0000	1.04457247	0.9583	2.0961	3.6319	1.8031	-0.470	-2.047	-2.715	-2.842	3.15246201	7
	0.016200	10.0000	1.04463708	0.9579	2.1003	3.6315	1.7970	-0.481	-2.059	-2.728	-2.855	3.15247822	7
	0.016200	10.0000	1.04467869	0.9577	2.1394	3.6280	1.7440	-0.579	-2.165	-2.844	-2.976	3.15248871	7
	0.016200	10.0000	1.04471469	0.9574	2.1824	3.6243	1.6858	-0.686	-2.282	-2.972	-3.108	3.15249753	7
	0.016200	10.0000	1.04474616	0.9571	2.2239	3.6207	1.6297	-0.790	-2.394	-3.094	-3.235	3.15250540	7
	0.016200	10.0000	1.04477322	0.9568	2.2654	3.6171	1.5738	-0.894	-2.506	-3.216	-3.362	3.15251207	7
	0.016200	10.0000	1.04479671	0.9565	2.3068	3.6135	1.5178	-0.997	-2.617	-3.338	-3.488	3.15251803	7
	0.016200	10.0000	1.04481733	0.9562	2.3482	3.6098	1.4617	-1.101	-2.728	-3.459	-3.615	3.15252328	7
	0.016200	10.0000	1.04483545	0.9559	2.3894	3.6062	1.4058	-1.203	-2.839	-3.580	-3.741	3.15252781	7
	0.016200	10.0000	1.04485154	0.9555	2.4303	3.6026	1.3502	-1.306	-2.948	-3.701	-3.866	3.15253162	7
	0.016200	10.0000	1.04486609	0.9551	2.4711	3.5989	1.2945	-1.408	-3.058	-3.821	-3.991	3.15253544	7
	0.016200	10.0000	1.04487956	0.9547	2.5120	3.5952	1.2385	-1.510	-3.168	-3.941	-4.117	3.15253878	7
	0.016200	10.0000	1.04489207	0.9543	2.5527	3.5914	1.1825	-1.612	-3.277	-4.061	-4.243	3.15254188	7
	0.016200	10.0000	1.04490411	0.9538	2.5938	3.5875	1.1258	-1.714	-3.388	-4.182	-4.370	3.15254474	7
	0.016200	10.0000	1.04491532	0.9532	2.6341	3.5836	1.0697	-1.815	-3.497	-4.301	-4.496	3.15254760	7
	0.016200	10.0000	1.04492629	0.9526	2.6760	3.5795	1.0111	-1.920	-3.611	-4.426	-4.627	3.15255046	7
	0.016200	10.0000	1.04493618	0.9519	2.7170	3.5754	0.9534	-2.022	-3.724	-4.544	-4.754	3.15255284	7
	0.016200	10.0000	1.04494560	0.9511	2.7611	3.5709	0.8907	-2.133	-3.845	-4.670	-4.892	3.15255523	7
	0.016200	10.0000	1.04495323	0.9504	2.8093	3.5658	0.8218	-2.253	-3.979	-4.808	-5.043	3.15255713	7
	0.016200	10.0000	1.04495811	0.9498	2.8550	3.5608	0.7559	-2.368	-4.105	-4.939	-5.187	3.15255833	7
	0.016200	10.0000	1.04496193	0.9493	2.8984	3.5560	0.6929	-2.476	-4.225	-5.063	-5.324	3.15255928	7
	0.016200	10.0000	1.04496539	0.9487	2.9416	3.5510	0.6296	-2.584	-4.345	-5.187	-5.461	3.15256000	7
	0.016200	10.0000	1.04496849	0.9480	2.9844	3.5460	0.5664	-2.691	-4.464	-5.310	-5.598	3.15256095	7
	0.016200	10.0000	1.04497147	0.9474	3.0232	3.5413	0.5086	-2.788	-4.572	-5.421	-5.722	3.15256166	7
	0.016200	10.0000	1.04497421	0.9466	3.0615	3.5365	0.4508	-2.884	-4.679	-5.535	-5.845	3.15256238	7
	0.016200	10.0000	1.04497731	0.9456	3.1011	3.5316	0.3909	-2.983	-4.789	-5.652	-5.971	3.15256310	7
	0.016200	10.0000	1.04498041	0.9444	3.1366	3.5270	0.3366	-3.072	-4.891	-5.758	-6.085	3.15256381	7
	0.016200	10.0000	1.04498386	0.9428	3.1735	3.5222	0.2797	-3.164	-4.998	-5.869	-6.205	3.15256476	7
	0.016200	10.0000	1.04498744	0.9410	3.2463	3.5121	0.1655	-3.346	-5.205	-6.088	-6.443	3.15256548	7
	0.016200	10.0000	1.04498816	0.9405	3.2736	3.5081	0.1222	-3.414	-5.281	-6.171	-6.532	3.15256572	7
	0.016200	10.0000	1.04498851	0.9403	3.2851	3.5064	0.1038	-3.443	-5.313	-6.205	-6.570	3.15256596	7
	0.016200	10.0000	1.04498851	0.9402	3.2851	3.5064	0.1038	-3.443	-5.313	-6.205	-6.570	3.15256596	8
