# File generated by CMD 2.7 (http://stev.oapd.inaf.it/cmd) on Thu May 14 15:38:46 CEST 2015
# PARSEC isochrones, release v1.2S
# Basic references: Bressan et al. (2012), MNRAS, 427, 127 + Chen et al. (2014), MNRAS, 444, 2525 + Tang et al. (2014), MNRAS, 445, 4287
# Warning: the TP-AGB phase is not included! TP-AGB tracks are in preparation by Marigo et al.
# Photometric system:  2MASS <i>JHK</i><sub>s</sub>
# Using NBC version of bolometric corrections as in Chen et al. (2014), MNRAS, 444, 2525
# BCs of Carbon stars derive from Aringer et al. (2009, A&A 503, 913)
# O-rich circumstellar dust ignored
# C-rich circumstellar dust ignored
# IMF: Chabrier (2001) lognormal 
# On RGB, assumed Reimers mass loss with efficiency eta=0.2
# Kind of output: isochrone tables
#	Isochrone  Z = 0.02960	Y = 0.30140	[M/H] = 0.330	eta_R = 0.200	Age = 	1.0000e+10 yr
#      Z	log(age/yr)	M_ini   	M_act	logL/Lo	logTe	logG	mbol    J       H       Ks	int_IMF	stage
	0.029600	10.0000	0.09966892	0.0997	-3.2839	3.3680	5.1446	12.980	10.750	10.174	9.818	1.56715882	1
	0.029600	10.0000	0.10488887	0.1049	-3.2182	3.3758	5.1320	12.815	10.602	10.029	9.677	1.61702371	1
	0.029600	10.0000	0.11933782	0.1193	-3.0521	3.3953	5.1002	12.400	10.229	9.662	9.320	1.74246669	1
	0.029600	10.0000	0.13933782	0.1393	-2.8750	3.4143	5.0664	11.958	9.827	9.265	8.933	1.89134932	1
	0.029600	10.0000	0.14913630	0.1491	-2.8029	3.4216	5.0528	11.777	9.662	9.102	8.774	1.95552003	1
	0.029600	10.0000	0.15933782	0.1593	-2.7326	3.4287	5.0396	11.601	9.501	8.943	8.619	2.01730537	1
	0.029600	10.0000	0.19867566	0.1987	-2.5063	3.4509	4.9981	11.036	8.982	8.425	8.118	2.21598601	1
	0.029600	10.0000	0.24834456	0.2483	-2.2958	3.4671	4.9490	10.509	8.492	7.932	7.640	2.40277195	1
	0.029600	10.0000	0.29834455	0.2983	-2.1229	3.4795	4.9057	10.077	8.087	7.522	7.244	2.54345608	1
	0.029600	10.0000	0.31338045	0.3134	-2.0756	3.4828	4.8929	9.959	7.977	7.410	7.135	2.57903814	1
	0.029600	10.0000	0.34834456	0.3483	-1.9731	3.4899	4.8646	9.703	7.738	7.167	6.900	2.65234327	1
	0.029600	10.0000	0.39834458	0.3983	-1.8329	3.5013	4.8283	9.352	7.414	6.831	6.577	2.73877597	1
	0.029600	10.0000	0.44999999	0.4500	-1.6825	3.5148	4.7849	8.976	7.071	6.471	6.230	2.81098008	1
	0.029600	10.0000	0.47457969	0.4746	-1.6079	3.5219	4.7619	8.790	6.903	6.293	6.058	2.84054637	1
	0.029600	10.0000	0.50000000	0.5000	-1.5348	3.5289	4.7395	8.607	6.737	6.117	5.888	2.86847806	1
	0.029600	10.0000	0.55000001	0.5500	-1.3711	3.5454	4.6831	8.198	6.369	5.726	5.510	2.91663504	1
	0.029600	10.0000	0.58868665	0.5886	-1.2432	3.5628	4.6541	7.878	6.098	5.435	5.234	2.94873023	1
	0.029600	10.0000	0.60000002	0.6000	-1.2076	3.5676	4.6461	7.789	6.024	5.355	5.159	2.95739889	1
	0.029600	10.0000	0.64999998	0.6499	-1.0372	3.5960	4.6239	7.363	5.675	4.992	4.831	2.99236870	1
	0.029600	10.0000	0.69999999	0.6999	-0.8680	3.6259	4.6067	6.940	5.328	4.666	4.541	3.02253795	1
	0.029600	10.0000	0.74062979	0.7405	-0.7249	3.6546	4.6027	6.582	5.052	4.451	4.352	3.04413962	1
	0.029600	10.0000	0.75000000	0.7499	-0.6927	3.6609	4.6014	6.502	4.991	4.409	4.314	3.04879928	1
	0.029600	10.0000	0.77054387	0.7704	-0.6296	3.6697	4.5852	6.344	4.859	4.308	4.216	3.05863047	1
	0.029600	10.0000	0.79355842	0.7934	-0.5594	3.6795	4.5668	6.168	4.713	4.195	4.108	3.06905746	1
	0.029600	10.0000	0.80000001	0.7998	-0.5398	3.6822	4.5615	6.119	4.673	4.163	4.078	3.07187057	1
	0.029600	10.0000	0.80899429	0.8088	-0.5117	3.6860	4.5538	6.049	4.615	4.117	4.034	3.07572198	1
	0.029600	10.0000	0.82986242	0.8297	-0.4467	3.6948	4.5349	5.887	4.482	4.010	3.932	3.08432817	1
	0.029600	10.0000	0.84847116	0.8482	-0.3888	3.7024	4.5170	5.742	4.364	3.915	3.839	3.09163690	1
	0.029600	10.0000	0.85000002	0.8498	-0.3840	3.7030	4.5155	5.730	4.354	3.907	3.832	3.09222293	1
	0.029600	10.0000	0.86614364	0.8659	-0.3330	3.7093	4.4977	5.602	4.248	3.820	3.747	3.09828019	1
	0.029600	10.0000	0.88471347	0.8844	-0.2740	3.7162	4.4756	5.455	4.126	3.716	3.647	3.10496783	1
	0.029600	10.0000	0.89999998	0.8997	-0.2252	3.7217	4.4560	5.333	4.024	3.629	3.562	3.11026096	1
	0.029600	10.0000	0.90835351	0.9080	-0.1982	3.7245	4.4442	5.266	3.967	3.580	3.514	3.11307645	1
	0.029600	10.0000	0.92601275	0.9256	-0.1407	3.7300	4.4172	5.122	3.844	3.472	3.409	3.11885691	1
	0.029600	10.0000	0.94220239	0.9418	-0.0877	3.7347	4.3903	4.989	3.730	3.369	3.309	3.12396121	1
	0.029600	10.0000	0.94999999	0.9495	-0.0622	3.7367	4.3765	4.926	3.675	3.318	3.259	3.12635612	1
	0.029600	10.0000	0.95793563	0.9574	-0.0363	3.7386	4.3617	4.861	3.617	3.266	3.207	3.12875247	1
	0.029600	10.0000	0.97478807	0.9742	0.0195	3.7419	4.3268	4.721	3.491	3.148	3.091	3.13370872	1
	0.029600	10.0000	0.98808819	0.9875	0.0661	3.7444	4.2959	4.605	3.385	3.048	2.992	3.13749790	1
	0.029600	10.0000	0.99328846	0.9927	0.0846	3.7453	4.2834	4.558	3.343	3.007	2.952	3.13895130	1
	0.029600	10.0000	1.00000000	0.9993	0.1098	3.7462	4.2647	4.496	3.283	2.951	2.895	3.14080405	1
	0.029600	10.0000	1.00528729	1.0046	0.1299	3.7468	4.2494	4.445	3.236	2.904	2.849	3.14224529	1
	0.029600	10.0000	1.01468730	1.0140	0.1669	3.7475	4.2191	4.353	3.146	2.817	2.762	3.14476776	1
	0.029600	10.0000	1.02460063	1.0238	0.2071	3.7474	4.1828	4.252	3.046	2.716	2.661	3.14737391	1
	0.029600	10.0000	1.03194976	1.0311	0.2374	3.7469	4.1533	4.176	2.968	2.636	2.581	3.14927101	2
	0.029600	10.0000	1.03417969	1.0333	0.2469	3.7464	4.1428	4.153	2.942	2.609	2.554	3.14984083	2
	0.029600	10.0000	1.04478788	1.0439	0.2918	3.7428	4.0883	4.041	2.816	2.474	2.417	3.15251589	2
	0.029600	10.0000	1.04999995	1.0491	0.3114	3.7385	4.0534	3.992	2.750	2.396	2.338	3.15380883	2
	0.029600	10.0000	1.05361927	1.0527	0.3251	3.7353	4.0284	3.957	2.703	2.341	2.282	3.15469837	2
	0.029600	10.0000	1.05817223	1.0572	0.3356	3.7274	3.9881	3.931	2.645	2.263	2.200	3.15580845	2
	0.029600	10.0000	1.06136584	1.0603	0.3364	3.7181	3.9516	3.929	2.609	2.202	2.135	3.15658069	2
	0.029600	10.0000	1.06364095	1.0626	0.3349	3.7084	3.9151	3.933	2.578	2.144	2.072	3.15712786	2
	0.029600	10.0000	1.06583953	1.0648	0.3455	3.6979	3.8635	3.906	2.516	2.052	1.975	3.15765429	2
	0.029600	10.0000	1.06782103	1.0667	0.3788	3.6900	3.7993	3.823	2.406	1.918	1.838	3.15812659	2
	0.029600	10.0000	1.06837058	1.0673	0.3922	3.6882	3.7789	3.789	2.367	1.874	1.792	3.15825748	3
	0.029600	10.0000	1.06922865	1.0681	0.4201	3.6861	3.7431	3.720	2.291	1.791	1.709	3.15846109	3
	0.029600	10.0000	1.07061327	1.0695	0.4714	3.6834	3.6815	3.591	2.155	1.646	1.563	3.15878916	3
	0.029600	10.0000	1.07194149	1.0708	0.5283	3.6815	3.6173	3.449	2.007	1.492	1.408	3.15910292	3
	0.029600	10.0000	1.07289565	1.0717	0.5733	3.6802	3.5677	3.337	1.891	1.372	1.287	3.15932798	3
	0.029600	10.0000	1.07371283	1.0725	0.6150	3.6792	3.5223	3.233	1.783	1.262	1.176	3.15952015	3
	0.029600	10.0000	1.07448876	1.0733	0.6574	3.6782	3.4762	3.126	1.674	1.150	1.063	3.15970254	3
	0.029600	10.0000	1.07522333	1.0740	0.7004	3.6772	3.4293	3.019	1.563	1.036	0.949	3.15987492	3
	0.029600	10.0000	1.07590568	1.0747	0.7434	3.6760	3.3820	2.911	1.452	0.921	0.833	3.16003466	3
	0.029600	10.0000	1.07649839	1.0752	0.7839	3.6749	3.3372	2.810	1.347	0.813	0.724	3.16017342	3
	0.029600	10.0000	1.07706094	1.0758	0.8252	3.6737	3.2913	2.707	1.240	0.702	0.612	3.16030478	3
	0.029600	10.0000	1.07758510	1.0763	0.8668	3.6724	3.2447	2.603	1.132	0.590	0.500	3.16042709	3
	0.029600	10.0000	1.07806814	1.0767	0.9081	3.6710	3.1980	2.500	1.024	0.479	0.387	3.16053987	3
	0.029600	10.0000	1.07851839	1.0771	0.9493	3.6695	3.1510	2.397	0.917	0.366	0.274	3.16064477	3
	0.029600	10.0000	1.07891798	1.0775	0.9893	3.6681	3.1053	2.297	0.812	0.258	0.164	3.16073775	3
	0.029600	10.0000	1.07939315	1.0779	1.0412	3.6660	3.0454	2.167	0.677	0.116	0.020	3.16084814	3
	0.029600	10.0000	1.07972443	1.0782	1.0809	3.6644	2.9993	2.068	0.573	0.007	-0.090	3.16092515	3
	0.029600	10.0000	1.08011127	1.0785	1.1312	3.6622	2.9405	1.942	0.441	-0.131	-0.230	3.16101503	3
	0.029600	10.0000	1.08039176	1.0788	1.1708	3.6604	2.8937	1.843	0.337	-0.241	-0.341	3.16108012	3
	0.029600	10.0000	1.08071804	1.0790	1.2204	3.6581	2.8351	1.719	0.207	-0.378	-0.480	3.16115570	3
	0.029600	10.0000	1.08101416	1.0792	1.2692	3.6558	2.7769	1.597	0.078	-0.514	-0.618	3.16122437	3
	0.029600	10.0000	1.08129036	1.0794	1.3181	3.6533	2.7184	1.475	-0.051	-0.650	-0.756	3.16128826	3
	0.029600	10.0000	1.08154380	1.0796	1.3649	3.6509	2.6620	1.358	-0.174	-0.781	-0.889	3.16134691	3
	0.029600	10.0000	1.08180356	1.0797	1.4069	3.6487	2.6112	1.253	-0.285	-0.899	-1.008	3.16140723	3
	0.029600	10.0000	1.08205807	1.0799	1.4383	3.6471	2.5736	1.174	-0.368	-0.986	-1.097	3.16146588	3
	0.029600	10.0000	1.08223021	1.0800	1.4103	3.6490	2.6090	1.244	-0.293	-0.906	-1.015	3.16150570	3
	0.029600	10.0000	1.08237469	1.0801	1.3774	3.6511	2.6505	1.327	-0.205	-0.811	-0.918	3.16153908	3
	0.029600	10.0000	1.08241439	1.0801	1.3657	3.6519	2.6652	1.356	-0.174	-0.778	-0.884	3.16154838	3
	0.029600	10.0000	1.08256459	1.0802	1.4020	3.6499	2.6210	1.265	-0.270	-0.880	-0.988	3.16158295	3
	0.029600	10.0000	1.08277380	1.0803	1.4517	3.6471	2.5603	1.141	-0.401	-1.020	-1.130	3.16163135	3
	0.029600	10.0000	1.08296764	1.0804	1.4998	3.6444	2.5014	1.021	-0.528	-1.155	-1.268	3.16167617	3
	0.029600	10.0000	1.08314812	1.0804	1.5478	3.6416	2.4423	0.900	-0.656	-1.290	-1.407	3.16171765	3
	0.029600	10.0000	1.08331108	1.0804	1.5947	3.6389	2.3844	0.783	-0.781	-1.423	-1.543	3.16175532	3
	0.029600	10.0000	1.08346140	1.0804	1.6417	3.6360	2.3260	0.666	-0.906	-1.556	-1.679	3.16178989	3
	0.029600	10.0000	1.08359683	1.0804	1.6878	3.6332	2.2686	0.551	-1.029	-1.686	-1.813	3.16182113	3
	0.029600	10.0000	1.08372378	1.0804	1.7348	3.6302	2.2097	0.433	-1.155	-1.820	-1.949	3.16185045	3
	0.029600	10.0000	1.08383751	1.0803	1.7804	3.6273	2.1522	0.319	-1.277	-1.949	-2.083	3.16187668	3
	0.029600	10.0000	1.08394206	1.0802	1.8260	3.6243	2.0948	0.205	-1.398	-2.079	-2.216	3.16190076	3
	0.029600	10.0000	1.08403766	1.0801	1.8715	3.6213	2.0372	0.091	-1.519	-2.208	-2.349	3.16192269	3
	0.029600	10.0000	1.08412373	1.0799	1.9160	3.6183	1.9804	-0.020	-1.639	-2.335	-2.481	3.16194272	3
	0.029600	10.0000	1.08420384	1.0797	1.9612	3.6151	1.9227	-0.133	-1.761	-2.464	-2.614	3.16196108	3
	0.029600	10.0000	1.08427584	1.0795	2.0053	3.6120	1.8660	-0.243	-1.880	-2.590	-2.745	3.16197753	3
	0.029600	10.0000	1.08434200	1.0793	2.0494	3.6088	1.8091	-0.354	-1.999	-2.715	-2.875	3.16199279	3
	0.029600	10.0000	1.08440292	1.0790	2.0935	3.6056	1.7520	-0.464	-2.118	-2.842	-3.007	3.16200686	3
	0.029600	10.0000	1.08445799	1.0787	2.1365	3.6024	1.6959	-0.571	-2.234	-2.965	-3.135	3.16201949	3
	0.029600	10.0000	1.08450902	1.0784	2.1796	3.5991	1.6396	-0.679	-2.351	-3.089	-3.264	3.16203141	3
	0.029600	10.0000	1.08455622	1.0780	2.2228	3.5958	1.5830	-0.787	-2.468	-3.213	-3.394	3.16204214	3
	0.029600	10.0000	1.08459866	1.0776	2.2646	3.5924	1.5276	-0.892	-2.582	-3.334	-3.521	3.16205192	3
	0.029600	10.0000	1.08463788	1.0772	2.3065	3.5891	1.4722	-0.996	-2.696	-3.455	-3.647	3.16206098	3
	0.029600	10.0000	1.08467436	1.0767	2.3484	3.5856	1.4162	-1.101	-2.811	-3.577	-3.774	3.16206932	3
	0.029600	10.0000	1.08470726	1.0761	2.3890	3.5821	1.3613	-1.203	-2.922	-3.696	-3.899	3.16207695	3
	0.029600	10.0000	1.08473849	1.0756	2.4303	3.5786	1.3056	-1.306	-3.035	-3.816	-4.024	3.16208410	3
	0.029600	10.0000	1.08476698	1.0749	2.4710	3.5750	1.2505	-1.407	-3.146	-3.935	-4.149	3.16209054	3
	0.029600	10.0000	1.08479238	1.0743	2.5100	3.5714	1.1968	-1.505	-3.253	-4.049	-4.270	3.16209650	3
	0.029600	10.0000	1.08481634	1.0735	2.5494	3.5678	1.1424	-1.604	-3.361	-4.166	-4.392	3.16210198	3
	0.029600	10.0000	1.08483899	1.0727	2.5894	3.5641	1.0873	-1.704	-3.471	-4.284	-4.516	3.16210723	3
	0.029600	10.0000	1.08486390	1.0716	2.6368	3.5595	1.0211	-1.822	-3.602	-4.424	-4.664	3.16211295	3
	0.029600	10.0000	1.08488691	1.0704	2.6839	3.5547	0.9545	-1.940	-3.731	-4.558	-4.809	3.16211820	3
	0.029600	10.0000	1.08490789	1.0691	2.7305	3.5499	0.8883	-2.056	-3.859	-4.689	-4.953	3.16212296	3
	0.029600	10.0000	1.08492708	1.0676	2.7761	3.5451	0.8228	-2.170	-3.984	-4.817	-5.095	3.16212749	3
	0.029600	10.0000	1.08494496	1.0660	2.8217	3.5402	0.7569	-2.284	-4.110	-4.946	-5.238	3.16213155	3
	0.029600	10.0000	1.08496118	1.0642	2.8663	3.5353	0.6917	-2.396	-4.233	-5.071	-5.378	3.16213536	3
	0.029600	10.0000	1.08497596	1.0622	2.9102	3.5304	0.6276	-2.505	-4.353	-5.195	-5.516	3.16213870	3
	0.029600	10.0000	1.08499026	1.0599	2.9550	3.5252	0.5612	-2.617	-4.477	-5.322	-5.659	3.16214204	3
	0.029600	10.0000	1.08500314	1.0575	2.9979	3.5202	0.4971	-2.725	-4.597	-5.444	-5.796	3.16214490	3
	0.029600	10.0000	1.08501506	1.0547	3.0403	3.5151	0.4332	-2.831	-4.713	-5.569	-5.931	3.16214776	3
	0.029600	10.0000	1.08502626	1.0517	3.0827	3.5098	0.3685	-2.937	-4.829	-5.695	-6.067	3.16215014	3
	0.029600	10.0000	1.08503628	1.0484	3.1232	3.5047	0.3061	-3.038	-4.939	-5.815	-6.196	3.16215253	3
	0.029600	10.0000	1.08504570	1.0447	3.1629	3.4995	0.2442	-3.137	-5.046	-5.934	-6.324	3.16215467	3
	0.029600	10.0000	1.08505487	1.0405	3.2038	3.4940	0.1796	-3.239	-5.155	-6.055	-6.455	3.16215682	3
	0.029600	10.0000	1.08506322	1.0360	3.2428	3.4886	0.1171	-3.337	-5.257	-6.171	-6.581	3.16215873	3
	0.029600	10.0000	1.08507121	1.0308	3.2825	3.4830	0.0527	-3.436	-5.356	-6.287	-6.707	3.16216063	3
	0.029600	10.0000	1.08507860	1.0251	3.3206	3.4775	-0.0098	-3.531	-5.452	-6.401	-6.829	3.16216230	3
	0.029600	10.0000	1.08508551	1.0188	3.3575	3.4721	-0.0711	-3.624	-5.552	-6.524	-6.943	3.16216397	3
	0.029600	10.0000	1.08509231	1.0115	3.3940	3.4667	-0.1321	-3.715	-5.656	-6.643	-7.051	3.16216540	3
	0.029600	10.0000	1.08509481	1.0085	3.4059	3.4650	-0.1523	-3.745	-5.691	-6.682	-7.086	3.16216612	4
	0.029600	10.0000	1.08509481	1.0084	1.6582	3.6510	2.3393	0.625	-0.911	-1.511	-1.622	3.16216612	4
	0.029600	10.0000	1.08520114	1.0084	1.6684	3.6502	2.3262	0.599	-0.939	-1.541	-1.653	3.16219044	4
	0.029600	10.0000	1.08530164	1.0084	1.6705	3.6502	2.3241	0.594	-0.944	-1.546	-1.658	3.16221356	4
	0.029600	10.0000	1.08540022	1.0084	1.6686	3.6506	2.3274	0.598	-0.939	-1.539	-1.651	3.16223621	4
	0.029600	10.0000	1.08550096	1.0084	1.6655	3.6511	2.3326	0.606	-0.929	-1.529	-1.640	3.16225934	4
	0.029600	10.0000	1.08560312	1.0084	1.6621	3.6516	2.3380	0.615	-0.919	-1.517	-1.628	3.16228271	4
	0.029600	10.0000	1.08570492	1.0084	1.6589	3.6521	2.3433	0.623	-0.910	-1.506	-1.617	3.16230607	4
	0.029600	10.0000	1.08580673	1.0084	1.6557	3.6526	2.3484	0.631	-0.901	-1.495	-1.605	3.16232944	4
	0.029600	10.0000	1.08590686	1.0084	1.6527	3.6531	2.3532	0.638	-0.892	-1.485	-1.595	3.16235256	4
	0.029600	10.0000	1.08600962	1.0084	1.6498	3.6535	2.3580	0.646	-0.883	-1.475	-1.585	3.16237617	4
	0.029600	10.0000	1.08611715	1.0084	1.6470	3.6540	2.3626	0.653	-0.875	-1.466	-1.575	3.16240072	4
	0.029600	10.0000	1.08622348	1.0084	1.6446	3.6544	2.3666	0.658	-0.868	-1.457	-1.566	3.16242504	4
	0.029600	10.0000	1.08633018	1.0084	1.6425	3.6548	2.3702	0.664	-0.862	-1.450	-1.558	3.16244960	4
	0.029600	10.0000	1.08643508	1.0084	1.6407	3.6551	2.3733	0.668	-0.856	-1.444	-1.552	3.16247368	4
	0.029600	10.0000	1.08647168	1.0084	1.6401	3.6552	2.3744	0.670	-0.854	-1.441	-1.549	3.16248202	4
	0.029600	10.0000	1.08653939	1.0084	1.6391	3.6554	2.3762	0.672	-0.851	-1.438	-1.546	3.16249752	4
	0.029600	10.0000	1.08664250	1.0084	1.6379	3.6557	2.3785	0.675	-0.847	-1.433	-1.541	3.16252112	4
	0.029600	10.0000	1.08674252	1.0084	1.6369	3.6559	2.3805	0.678	-0.844	-1.429	-1.537	3.16254401	4
	0.029600	10.0000	1.08684993	1.0084	1.6361	3.6561	2.3821	0.680	-0.842	-1.426	-1.533	3.16256857	4
	0.029600	10.0000	1.08695400	1.0084	1.6357	3.6563	2.3831	0.681	-0.840	-1.424	-1.531	3.16259241	4
	0.029600	10.0000	1.08705831	1.0084	1.6358	3.6564	2.3835	0.681	-0.840	-1.424	-1.531	3.16261649	4
	0.029600	10.0000	1.08715808	1.0084	1.6363	3.6565	2.3832	0.679	-0.842	-1.425	-1.532	3.16263914	4
	0.029600	10.0000	1.08721483	1.0085	1.6368	3.6565	2.3827	0.678	-0.843	-1.426	-1.533	3.16265225	4
	0.029600	10.0000	1.08726025	1.0085	1.6374	3.6565	2.3821	0.676	-0.844	-1.427	-1.535	3.16266251	4
	0.029600	10.0000	1.08736563	1.0085	1.6391	3.6564	2.3801	0.672	-0.849	-1.432	-1.539	3.16268682	4
	0.029600	10.0000	1.08747077	1.0085	1.6415	3.6563	2.3773	0.666	-0.855	-1.439	-1.546	3.16271067	4
	0.029600	10.0000	1.08757865	1.0085	1.6446	3.6560	2.3732	0.658	-0.864	-1.448	-1.555	3.16273546	4
	0.029600	10.0000	1.08768201	1.0085	1.6484	3.6557	2.3682	0.649	-0.874	-1.459	-1.567	3.16275907	4
	0.029600	10.0000	1.08778715	1.0085	1.6534	3.6553	2.3616	0.636	-0.888	-1.474	-1.582	3.16278315	4
	0.029600	10.0000	1.08789134	1.0085	1.6594	3.6548	2.3536	0.621	-0.904	-1.492	-1.600	3.16280699	4
	0.029600	10.0000	1.08799481	1.0085	1.6663	3.6543	2.3444	0.604	-0.923	-1.512	-1.621	3.16283059	4
	0.029600	10.0000	1.08809817	1.0085	1.6751	3.6535	2.3328	0.582	-0.947	-1.538	-1.648	3.16285419	4
	0.029600	10.0000	1.08820188	1.0085	1.6855	3.6527	2.3188	0.556	-0.976	-1.569	-1.680	3.16287780	4
	0.029600	10.0000	1.08830786	1.0084	1.6951	3.6519	2.3061	0.532	-1.002	-1.598	-1.709	3.16290212	4
	0.029600	10.0000	1.08841133	1.0084	1.7272	3.6490	2.2626	0.452	-1.090	-1.694	-1.808	3.16292572	4
	0.029600	10.0000	1.08847845	1.0084	1.7673	3.6455	2.2084	0.352	-1.200	-1.814	-1.932	3.16294098	4
	0.029600	10.0000	1.08851504	1.0084	1.8087	3.6419	2.1525	0.248	-1.313	-1.937	-2.059	3.16294932	4
	0.029600	10.0000	1.08853662	1.0083	1.8539	3.6380	2.0916	0.135	-1.437	-2.072	-2.197	3.16295433	4
	0.029600	10.0000	1.08854723	1.0083	1.8961	3.6343	2.0347	0.030	-1.552	-2.197	-2.327	3.16295671	4
	0.029600	10.0000	1.08855307	1.0083	1.9376	3.6307	1.9789	-0.074	-1.664	-2.320	-2.453	3.16295815	4
	0.029600	10.0000	1.08855641	1.0083	1.9786	3.6272	1.9237	-0.177	-1.776	-2.440	-2.579	3.16295886	4
	0.029600	10.0000	1.08855867	1.0083	2.0191	3.6237	1.8695	-0.278	-1.886	-2.559	-2.702	3.16295934	4
	0.029600	10.0000	1.08855987	1.0083	2.0377	3.6221	1.8444	-0.324	-1.937	-2.614	-2.759	3.16295958	6
	0.029600	10.0000	1.08855987	1.0083	2.0465	3.6214	1.8326	-0.346	-1.961	-2.640	-2.786	3.16295958	7
	0.029600	10.0000	1.08856034	1.0083	2.0597	3.6202	1.8148	-0.379	-1.997	-2.678	-2.827	3.16295981	7
	0.029600	10.0000	1.08856201	1.0083	2.1039	3.6164	1.7553	-0.490	-2.117	-2.808	-2.962	3.16296005	7
	0.029600	10.0000	1.08856356	1.0083	2.1419	3.6131	1.7040	-0.585	-2.221	-2.920	-3.079	3.16296053	7
	0.029600	10.0000	1.08856511	1.0083	2.1724	3.6104	1.6629	-0.661	-2.304	-3.009	-3.172	3.16296077	7
	0.029600	10.0000	1.08856916	1.0082	2.1776	3.6100	1.6561	-0.674	-2.318	-3.024	-3.187	3.16296172	7
	0.029600	10.0000	1.08857214	1.0082	2.1437	3.6130	1.7019	-0.589	-2.226	-2.924	-3.084	3.16296244	7
	0.029600	10.0000	1.08857930	1.0082	2.1032	3.6166	1.7567	-0.488	-2.115	-2.805	-2.959	3.16296411	7
	0.029600	10.0000	1.08865464	1.0078	2.0811	3.6184	1.7859	-0.433	-2.055	-2.741	-2.892	3.16298127	7
	0.029600	10.0000	1.08870614	1.0075	2.1145	3.6155	1.7407	-0.516	-2.146	-2.839	-2.995	3.16299295	7
	0.029600	10.0000	1.08875000	1.0072	2.1547	3.6119	1.6862	-0.617	-2.256	-2.957	-3.118	3.16300297	7
	0.029600	10.0000	1.08878648	1.0069	2.1955	3.6084	1.6310	-0.719	-2.367	-3.077	-3.243	3.16301131	7
	0.029600	10.0000	1.08881772	1.0066	2.2370	3.6047	1.5748	-0.822	-2.481	-3.199	-3.371	3.16301847	7
	0.029600	10.0000	1.08884418	1.0063	2.2787	3.6010	1.5181	-0.927	-2.595	-3.321	-3.499	3.16302443	7
	0.029600	10.0000	1.08886695	1.0060	2.3205	3.5972	1.4610	-1.031	-2.709	-3.445	-3.628	3.16302967	7
	0.029600	10.0000	1.08888698	1.0057	2.3626	3.5933	1.4030	-1.137	-2.825	-3.570	-3.759	3.16303420	7
	0.029600	10.0000	1.08890474	1.0054	2.4047	3.5894	1.3451	-1.242	-2.941	-3.694	-3.890	3.16303825	7
	0.029600	10.0000	1.08892095	1.0050	2.4468	3.5854	1.2870	-1.347	-3.057	-3.819	-4.021	3.16304207	7
	0.029600	10.0000	1.08893585	1.0046	2.4890	3.5813	1.2282	-1.453	-3.174	-3.945	-4.153	3.16304541	7
	0.029600	10.0000	1.08894992	1.0042	2.5312	3.5771	1.1690	-1.558	-3.291	-4.071	-4.285	3.16304851	7
	0.029600	10.0000	1.08896327	1.0037	2.5737	3.5728	1.1092	-1.664	-3.408	-4.198	-4.419	3.16305161	7
	0.029600	10.0000	1.08897603	1.0031	2.6176	3.5683	1.0469	-1.774	-3.530	-4.329	-4.558	3.16305447	7
	0.029600	10.0000	1.08898783	1.0025	2.6618	3.5636	0.9837	-1.884	-3.653	-4.461	-4.698	3.16305733	7
	0.029600	10.0000	1.08899856	1.0018	2.7043	3.5590	0.9225	-1.991	-3.771	-4.582	-4.831	3.16305971	7
	0.029600	10.0000	1.08900821	1.0010	2.7532	3.5536	0.8515	-2.113	-3.907	-4.721	-4.985	3.16306186	7
	0.029600	10.0000	1.08901525	1.0004	2.8069	3.5474	0.7729	-2.247	-4.056	-4.875	-5.155	3.16306353	7
	0.029600	10.0000	1.08902001	0.9998	2.8571	3.5415	0.6989	-2.373	-4.195	-5.018	-5.315	3.16306472	7
	0.029600	10.0000	1.08902395	0.9992	2.9051	3.5358	0.6276	-2.493	-4.328	-5.155	-5.469	3.16306543	7
	0.029600	10.0000	1.08902764	0.9986	2.9524	3.5299	0.5566	-2.611	-4.460	-5.290	-5.622	3.16306639	7
	0.029600	10.0000	1.08903086	0.9979	2.9952	3.5244	0.4917	-2.718	-4.579	-5.415	-5.761	3.16306710	7
	0.029600	10.0000	1.08903420	0.9971	3.0414	3.5184	0.4208	-2.833	-4.708	-5.554	-5.912	3.16306782	7
	0.029600	10.0000	1.08903730	0.9961	3.0817	3.5130	0.3585	-2.934	-4.820	-5.676	-6.043	3.16306853	7
	0.029600	10.0000	1.08904064	0.9949	3.1215	3.5075	0.2962	-3.034	-4.930	-5.796	-6.174	3.16306925	7
	0.029600	10.0000	1.08904397	0.9935	3.1589	3.5023	0.2375	-3.127	-5.032	-5.909	-6.296	3.16306996	7
	0.029600	10.0000	1.08904767	0.9917	3.1963	3.4970	0.1783	-3.221	-5.132	-6.022	-6.418	3.16307092	7
	0.029600	10.0000	1.08905160	0.9895	3.2333	3.4917	0.1190	-3.313	-5.231	-6.134	-6.540	3.16307187	7
	0.029600	10.0000	1.08905518	0.9871	3.2672	3.4868	0.0643	-3.398	-5.318	-6.234	-6.649	3.16307259	7
	0.029600	10.0000	1.08905625	0.9863	3.3076	3.4805	-0.0017	-3.499	-5.418	-6.355	-6.782	3.16307282	7
	0.029600	10.0000	1.08905625	0.9863	3.3076	3.4805	-0.0016	-3.499	-5.418	-6.355	-6.782	3.16307282	8
