# File generated by CMD 2.7 (http://stev.oapd.inaf.it/cmd) on Thu May 14 15:38:46 CEST 2015
# PARSEC isochrones, release v1.2S
# Basic references: Bressan et al. (2012), MNRAS, 427, 127 + Chen et al. (2014), MNRAS, 444, 2525 + Tang et al. (2014), MNRAS, 445, 4287
# Warning: the TP-AGB phase is not included! TP-AGB tracks are in preparation by Marigo et al.
# Photometric system:  2MASS <i>JHK</i><sub>s</sub>
# Using NBC version of bolometric corrections as in Chen et al. (2014), MNRAS, 444, 2525
# BCs of Carbon stars derive from Aringer et al. (2009, A&A 503, 913)
# O-rich circumstellar dust ignored
# C-rich circumstellar dust ignored
# IMF: Chabrier (2001) lognormal 
# On RGB, assumed Reimers mass loss with efficiency eta=0.2
# Kind of output: isochrone tables
#	Isochrone  Z = 0.02190	Y = 0.28803	[M/H] = 0.186	eta_R = 0.200	Age = 	1.0000e+10 yr
#      Z	log(age/yr)	M_ini   	M_act	logL/Lo	logTe	logG	mbol    J       H       Ks	int_IMF	stage
	0.021900	10.0000	0.09223825	0.0922	-3.4013	3.3577	5.1868	13.273	11.015	10.434	10.111	1.49155688	1
	0.021900	10.0000	0.10447649	0.1045	-3.2152	3.3821	5.1526	12.808	10.606	10.029	9.710	1.61318052	1
	0.021900	10.0000	0.12447649	0.1245	-2.9810	3.4107	5.1089	12.223	10.087	9.513	9.200	1.78325129	1
	0.021900	10.0000	0.14447649	0.1445	-2.8041	3.4308	5.0771	11.780	9.691	9.120	8.812	1.92563570	1
	0.021900	10.0000	0.16895299	0.1690	-2.6407	3.4473	5.0476	11.372	9.319	8.748	8.448	2.07125235	1
	0.021900	10.0000	0.21119122	0.2112	-2.4241	3.4655	5.0006	10.830	8.821	8.248	7.960	2.26873446	1
	0.021900	10.0000	0.26119122	0.2612	-2.2209	3.4808	4.9512	10.322	8.348	7.772	7.497	2.44273710	1
	0.021900	10.0000	0.31119123	0.3112	-2.0554	3.4925	4.9083	9.909	7.963	7.382	7.118	2.57401800	1
	0.021900	10.0000	0.36119121	0.3612	-1.9104	3.5019	4.8658	9.546	7.622	7.034	6.780	2.67637968	1
	0.021900	10.0000	0.44999999	0.4500	-1.6526	3.5233	4.7892	8.902	7.031	6.422	6.186	2.81098008	1
	0.021900	10.0000	0.50000000	0.5000	-1.5012	3.5376	4.7404	8.523	6.687	6.062	5.837	2.86847806	1
	0.021900	10.0000	0.55000001	0.5500	-1.3316	3.5556	4.6841	8.099	6.311	5.666	5.454	2.91663504	1
	0.021900	10.0000	0.59206694	0.5920	-1.1889	3.5754	4.6529	7.742	6.011	5.347	5.155	2.95135212	1
	0.021900	10.0000	0.60000002	0.6000	-1.1632	3.5790	4.6473	7.678	5.956	5.289	5.101	2.95739889	1
	0.021900	10.0000	0.64999998	0.6499	-0.9892	3.6083	4.6251	7.243	5.595	4.921	4.772	2.99236870	1
	0.021900	10.0000	0.69999999	0.6999	-0.8172	3.6390	4.6084	6.813	5.245	4.597	4.487	3.02253795	1
	0.021900	10.0000	0.72300035	0.7229	-0.7370	3.6542	4.6027	6.612	5.087	4.479	4.381	3.03505564	1
	0.021900	10.0000	0.75000000	0.7499	-0.6446	3.6713	4.5947	6.381	4.907	4.354	4.266	3.04879928	1
	0.021900	10.0000	0.76046455	0.7603	-0.6114	3.6761	4.5866	6.299	4.839	4.303	4.216	3.05387139	1
	0.021900	10.0000	0.78278762	0.7826	-0.5407	3.6861	4.5688	6.122	4.694	4.190	4.109	3.06425166	1
	0.021900	10.0000	0.80000001	0.7998	-0.4865	3.6938	4.5546	5.986	4.584	4.103	4.025	3.07187057	1
	0.021900	10.0000	0.81862795	0.8184	-0.4268	3.7019	4.5372	5.837	4.462	4.006	3.932	3.07975078	1
	0.021900	10.0000	0.83673310	0.8365	-0.3687	3.7095	4.5191	5.692	4.344	3.911	3.840	3.08706546	1
	0.021900	10.0000	0.85000002	0.8497	-0.3261	3.7149	4.5050	5.585	4.257	3.839	3.770	3.09222293	1
	0.021900	10.0000	0.85451305	0.8542	-0.3114	3.7167	4.4997	5.549	4.227	3.814	3.746	3.09393978	1
	0.021900	10.0000	0.87274605	0.8724	-0.2517	3.7236	4.4770	5.399	4.104	3.710	3.645	3.10069156	1
	0.021900	10.0000	0.88929075	0.8889	-0.1971	3.7296	4.4545	5.263	3.990	3.612	3.550	3.10657239	1
	0.021900	10.0000	0.89999998	0.8996	-0.1615	3.7333	4.4389	5.174	3.916	3.547	3.487	3.11026096	1
	0.021900	10.0000	0.91369373	0.9133	-0.1150	3.7377	4.4164	5.058	3.818	3.459	3.402	3.11484861	1
	0.021900	10.0000	0.92962903	0.9292	-0.0602	3.7424	4.3877	4.920	3.700	3.353	3.298	3.12001276	1
	0.021900	10.0000	0.94492221	0.9444	-0.0073	3.7464	4.3579	4.788	3.585	3.247	3.193	3.12480116	1
	0.021900	10.0000	0.94999999	0.9495	0.0100	3.7475	4.3472	4.745	3.546	3.211	3.157	3.12635612	1
	0.021900	10.0000	0.96251297	0.9619	0.0531	3.7498	4.3194	4.637	3.448	3.119	3.066	3.13011622	1
	0.021900	10.0000	0.97574919	0.9751	0.1023	3.7521	4.2852	4.514	3.335	3.012	2.960	3.13398600	1
	0.021900	10.0000	0.98091841	0.9802	0.1221	3.7530	4.2711	4.465	3.289	2.968	2.916	3.13546824	1
	0.021900	10.0000	0.98718888	0.9865	0.1468	3.7537	4.2521	4.403	3.231	2.911	2.860	3.13724494	1
	0.021900	10.0000	0.99797338	0.9972	0.1902	3.7545	4.2166	4.295	3.126	2.808	2.757	3.14024734	1
	0.021900	10.0000	1.00000000	0.9992	0.1984	3.7546	4.2096	4.274	3.105	2.788	2.737	3.14080405	1
	0.021900	10.0000	1.00096858	1.0002	0.2025	3.7546	4.2062	4.264	3.096	2.778	2.728	3.14106941	1
	0.021900	10.0000	1.00999200	1.0091	0.2414	3.7542	4.1692	4.167	2.997	2.678	2.627	3.14351416	1
	0.021900	10.0000	1.01665747	1.0158	0.2708	3.7532	4.1387	4.093	2.919	2.598	2.547	3.14529014	2
	0.021900	10.0000	1.01866114	1.0178	0.2797	3.7527	4.1286	4.071	2.895	2.573	2.521	3.14581895	2
	0.021900	10.0000	1.02820444	1.0272	0.3223	3.7486	4.0736	3.964	2.771	2.439	2.386	3.14830780	2
	0.021900	10.0000	1.03612530	1.0351	0.3530	3.7405	4.0139	3.888	2.663	2.309	2.254	3.15033579	2
	0.021900	10.0000	1.04046130	1.0394	0.3612	3.7312	3.9705	3.867	2.605	2.228	2.168	3.15143204	2
	0.021900	10.0000	1.04363489	1.0425	0.3590	3.7196	3.9273	3.872	2.566	2.158	2.092	3.15222788	2
	0.021900	10.0000	1.04599857	1.0449	0.3613	3.7082	3.8803	3.867	2.519	2.078	2.008	3.15281749	2
	0.021900	10.0000	1.04825008	1.0471	0.3853	3.6979	3.8164	3.807	2.424	1.953	1.878	3.15337634	2
	0.021900	10.0000	1.04975855	1.0486	0.4173	3.6925	3.7632	3.727	2.325	1.839	1.761	3.15374923	3
	0.021900	10.0000	1.04999852	1.0488	0.4248	3.6919	3.7534	3.708	2.305	1.816	1.738	3.15380836	3
	0.021900	10.0000	1.04999995	1.0488	0.4248	3.6919	3.7533	3.708	2.305	1.816	1.738	3.15380883	3
	0.021900	10.0000	1.05061269	1.0494	0.4441	3.6903	3.7279	3.660	2.251	1.758	1.679	3.15395975	3
	0.021900	10.0000	1.05198622	1.0508	0.4951	3.6875	3.6665	3.532	2.115	1.613	1.533	3.15429783	3
	0.021900	10.0000	1.05330324	1.0521	0.5518	3.6856	3.6027	3.390	1.968	1.460	1.379	3.15462112	3
	0.021900	10.0000	1.05424893	1.0530	0.5969	3.6844	3.5532	3.278	1.852	1.340	1.258	3.15485263	3
	0.021900	10.0000	1.05505884	1.0538	0.6387	3.6834	3.5077	3.173	1.745	1.229	1.147	3.15505052	3
	0.021900	10.0000	1.05582750	1.0545	0.6812	3.6824	3.4615	3.067	1.635	1.117	1.034	3.15523815	3
	0.021900	10.0000	1.05655503	1.0552	0.7245	3.6814	3.4145	2.959	1.523	1.002	0.919	3.15541530	3
	0.021900	10.0000	1.05723071	1.0559	0.7678	3.6803	3.3671	2.850	1.411	0.887	0.803	3.15557981	3
	0.021900	10.0000	1.05781758	1.0564	0.8085	3.6792	3.3222	2.749	1.306	0.779	0.694	3.15572238	3
	0.021900	10.0000	1.05837452	1.0570	0.8500	3.6780	3.2762	2.645	1.198	0.667	0.582	3.15585732	3
	0.021900	10.0000	1.05889320	1.0575	0.8920	3.6767	3.2292	2.540	1.089	0.554	0.468	3.15598321	3
	0.021900	10.0000	1.05937123	1.0579	0.9337	3.6754	3.1823	2.436	0.981	0.442	0.355	3.15609884	3
	0.021900	10.0000	1.05981672	1.0583	0.9755	3.6739	3.1347	2.331	0.871	0.328	0.240	3.15620661	3
	0.021900	10.0000	1.06021202	1.0587	1.0158	3.6724	3.0886	2.230	0.766	0.218	0.129	3.15630221	3
	0.021900	10.0000	1.06068206	1.0591	1.0682	3.6704	3.0283	2.099	0.629	0.074	-0.016	3.15641570	3
	0.021900	10.0000	1.06100965	1.0593	1.1080	3.6688	2.9820	2.000	0.524	-0.035	-0.126	3.15649486	3
	0.021900	10.0000	1.06139231	1.0597	1.1589	3.6666	2.9227	1.873	0.391	-0.175	-0.268	3.15658712	3
	0.021900	10.0000	1.06166959	1.0599	1.1989	3.6648	2.8756	1.773	0.286	-0.286	-0.380	3.15665388	3
	0.021900	10.0000	1.06199229	1.0601	1.2492	3.6625	2.8161	1.647	0.153	-0.425	-0.521	3.15673161	3
	0.021900	10.0000	1.06228507	1.0603	1.2991	3.6601	2.7569	1.522	0.022	-0.564	-0.662	3.15680218	3
	0.021900	10.0000	1.06255805	1.0605	1.3493	3.6576	2.6967	1.397	-0.110	-0.704	-0.804	3.15686774	3
	0.021900	10.0000	1.06280851	1.0607	1.3978	3.6551	2.6383	1.275	-0.238	-0.840	-0.942	3.15692806	3
	0.021900	10.0000	1.06306529	1.0608	1.4448	3.6527	2.5816	1.158	-0.362	-0.971	-1.075	3.15698981	3
	0.021900	10.0000	1.06331682	1.0609	1.4744	3.6512	2.5462	1.084	-0.440	-1.054	-1.159	3.15705013	3
	0.021900	10.0000	1.06348526	1.0610	1.4519	3.6528	2.5749	1.140	-0.380	-0.988	-1.092	3.15709066	3
	0.021900	10.0000	1.06362665	1.0610	1.4112	3.6554	2.6260	1.242	-0.271	-0.872	-0.973	3.15712452	3
	0.021900	10.0000	1.06366551	1.0611	1.3999	3.6561	2.6402	1.270	-0.241	-0.839	-0.940	3.15713382	3
	0.021900	10.0000	1.06380999	1.0611	1.4366	3.6541	2.5954	1.179	-0.338	-0.943	-1.045	3.15716839	3
	0.021900	10.0000	1.06401122	1.0612	1.4859	3.6514	2.5354	1.055	-0.468	-1.081	-1.186	3.15721679	3
	0.021900	10.0000	1.06419766	1.0613	1.5339	3.6486	2.4765	0.935	-0.596	-1.217	-1.324	3.15726137	3
	0.021900	10.0000	1.06437135	1.0613	1.5819	3.6459	2.4175	0.815	-0.724	-1.353	-1.463	3.15730309	3
	0.021900	10.0000	1.06452799	1.0613	1.6288	3.6431	2.3595	0.698	-0.849	-1.486	-1.599	3.15734053	3
	0.021900	10.0000	1.06467259	1.0613	1.6758	3.6403	2.3013	0.580	-0.975	-1.619	-1.735	3.15737510	3
	0.021900	10.0000	1.06480289	1.0612	1.7219	3.6375	2.2438	0.465	-1.097	-1.750	-1.869	3.15740633	3
	0.021900	10.0000	1.06492496	1.0612	1.7689	3.6346	2.1851	0.348	-1.223	-1.883	-2.006	3.15743566	3
	0.021900	10.0000	1.06503439	1.0611	1.8147	3.6316	2.1276	0.233	-1.345	-2.014	-2.140	3.15746188	3
	0.021900	10.0000	1.06513488	1.0609	1.8602	3.6287	2.0703	0.120	-1.466	-2.143	-2.273	3.15748596	3
	0.021900	10.0000	1.06522691	1.0608	1.9056	3.6257	2.0129	0.006	-1.587	-2.273	-2.406	3.15750790	3
	0.021900	10.0000	1.06530964	1.0606	1.9500	3.6227	1.9562	-0.105	-1.706	-2.400	-2.537	3.15752769	3
	0.021900	10.0000	1.06538665	1.0604	1.9951	3.6196	1.8988	-0.218	-1.826	-2.528	-2.669	3.15754604	3
	0.021900	10.0000	1.06545591	1.0601	2.0391	3.6166	1.8425	-0.328	-1.944	-2.654	-2.799	3.15756273	3
	0.021900	10.0000	1.06551957	1.0598	2.0831	3.6134	1.7859	-0.438	-2.062	-2.780	-2.929	3.15757775	3
	0.021900	10.0000	1.06557822	1.0595	2.1270	3.6103	1.7293	-0.547	-2.180	-2.905	-3.059	3.15759182	3
	0.021900	10.0000	1.06563115	1.0592	2.1699	3.6071	1.6736	-0.655	-2.295	-3.028	-3.187	3.15760446	3
	0.021900	10.0000	1.06568027	1.0588	2.2127	3.6039	1.6178	-0.762	-2.411	-3.151	-3.315	3.15761614	3
	0.021900	10.0000	1.06572556	1.0583	2.2557	3.6007	1.5618	-0.869	-2.526	-3.274	-3.443	3.15762711	3
	0.021900	10.0000	1.06576633	1.0579	2.2972	3.5974	1.5069	-0.973	-2.638	-3.394	-3.568	3.15763688	3
	0.021900	10.0000	1.06580412	1.0574	2.3387	3.5942	1.4521	-1.077	-2.749	-3.513	-3.693	3.15764594	3
	0.021900	10.0000	1.06583917	1.0568	2.3803	3.5909	1.3971	-1.181	-2.861	-3.633	-3.818	3.15765429	3
	0.021900	10.0000	1.06587088	1.0562	2.4206	3.5875	1.3431	-1.281	-2.971	-3.751	-3.940	3.15766168	3
	0.021900	10.0000	1.06590092	1.0556	2.4614	3.5841	1.2883	-1.384	-3.081	-3.869	-4.064	3.15766907	3
	0.021900	10.0000	1.06592822	1.0548	2.5017	3.5807	1.2341	-1.484	-3.191	-3.987	-4.187	3.15767550	3
	0.021900	10.0000	1.06595266	1.0541	2.5403	3.5772	1.1813	-1.581	-3.296	-4.100	-4.306	3.15768123	3
	0.021900	10.0000	1.06597579	1.0533	2.5793	3.5737	1.1279	-1.678	-3.402	-4.214	-4.426	3.15768695	3
	0.021900	10.0000	1.06599760	1.0524	2.6188	3.5702	1.0740	-1.777	-3.510	-4.329	-4.547	3.15769196	3
	0.021900	10.0000	1.06602156	1.0512	2.6653	3.5658	1.0093	-1.893	-3.637	-4.467	-4.692	3.15769768	3
	0.021900	10.0000	1.06604362	1.0498	2.7116	3.5612	0.9444	-2.009	-3.765	-4.598	-4.835	3.15770292	3
	0.021900	10.0000	1.06606388	1.0484	2.7571	3.5566	0.8799	-2.123	-3.890	-4.726	-4.975	3.15770793	3
	0.021900	10.0000	1.06608224	1.0468	2.8017	3.5521	0.8164	-2.234	-4.013	-4.852	-5.113	3.15771222	3
	0.021900	10.0000	1.06609941	1.0450	2.8462	3.5474	0.7524	-2.346	-4.135	-4.977	-5.251	3.15771627	3
	0.021900	10.0000	1.06611502	1.0430	2.8897	3.5427	0.6894	-2.454	-4.255	-5.099	-5.387	3.15772009	3
	0.021900	10.0000	1.06612933	1.0409	2.9323	3.5380	0.6272	-2.561	-4.372	-5.219	-5.521	3.15772343	3
	0.021900	10.0000	1.06614304	1.0385	2.9756	3.5333	0.5639	-2.669	-4.491	-5.341	-5.656	3.15772676	3
	0.021900	10.0000	1.06615543	1.0358	3.0172	3.5285	0.5022	-2.773	-4.607	-5.458	-5.788	3.15772963	3
	0.021900	10.0000	1.06616676	1.0330	3.0579	3.5238	0.4412	-2.875	-4.721	-5.578	-5.917	3.15773249	3
	0.021900	10.0000	1.06617761	1.0297	3.0988	3.5189	0.3796	-2.977	-4.835	-5.698	-6.046	3.15773511	3
	0.021900	10.0000	1.06618726	1.0263	3.1375	3.5141	0.3201	-3.074	-4.942	-5.813	-6.169	3.15773726	3
	0.021900	10.0000	1.06619632	1.0225	3.1757	3.5092	0.2606	-3.169	-5.048	-5.926	-6.291	3.15773940	3
	0.021900	10.0000	1.06620514	1.0182	3.2148	3.5041	0.1996	-3.267	-5.154	-6.041	-6.415	3.15774155	3
	0.021900	10.0000	1.06621313	1.0135	3.2519	3.4992	0.1405	-3.360	-5.255	-6.151	-6.535	3.15774345	3
	0.021900	10.0000	1.06622088	1.0083	3.2897	3.4941	0.0804	-3.454	-5.356	-6.262	-6.655	3.15774536	3
	0.021900	10.0000	1.06622791	1.0026	3.3257	3.4892	0.0221	-3.544	-5.451	-6.369	-6.772	3.15774703	3
	0.021900	10.0000	1.06623459	0.9965	3.3607	3.4841	-0.0357	-3.632	-5.544	-6.482	-6.884	3.15774870	3
	0.021900	10.0000	1.06624115	0.9893	3.3957	3.4792	-0.0937	-3.719	-5.640	-6.598	-6.994	3.15775013	3
	0.021900	10.0000	1.06624353	0.9864	3.4063	3.4776	-0.1118	-3.746	-5.670	-6.634	-7.027	3.15775084	4
	0.021900	10.0000	1.06624353	0.9867	1.6648	3.6584	2.3530	0.608	-0.901	-1.485	-1.588	3.15775084	4
	0.021900	10.0000	1.06634617	0.9866	1.6742	3.6577	2.3408	0.584	-0.926	-1.513	-1.616	3.15777516	4
	0.021900	10.0000	1.06644320	0.9866	1.6773	3.6576	2.3373	0.577	-0.934	-1.521	-1.625	3.15779853	4
	0.021900	10.0000	1.06653833	0.9866	1.6761	3.6579	2.3399	0.580	-0.930	-1.516	-1.619	3.15782118	4
	0.021900	10.0000	1.06663561	0.9866	1.6732	3.6584	2.3446	0.587	-0.922	-1.506	-1.609	3.15784431	4
	0.021900	10.0000	1.06673408	0.9866	1.6700	3.6589	2.3498	0.595	-0.913	-1.495	-1.598	3.15786791	4
	0.021900	10.0000	1.06683242	0.9866	1.6668	3.6594	2.3550	0.603	-0.903	-1.484	-1.586	3.15789127	4
	0.021900	10.0000	1.06693065	0.9866	1.6637	3.6599	2.3602	0.611	-0.894	-1.474	-1.575	3.15791464	4
	0.021900	10.0000	1.06702709	0.9866	1.6608	3.6604	2.3650	0.618	-0.885	-1.463	-1.565	3.15793753	4
	0.021900	10.0000	1.06712639	0.9866	1.6579	3.6609	2.3697	0.625	-0.877	-1.454	-1.555	3.15796137	4
	0.021900	10.0000	1.06722999	0.9866	1.6554	3.6613	2.3740	0.631	-0.869	-1.445	-1.545	3.15798593	4
	0.021900	10.0000	1.06733251	0.9866	1.6532	3.6617	2.3777	0.637	-0.863	-1.437	-1.537	3.15801048	4
	0.021900	10.0000	1.06743550	0.9865	1.6513	3.6621	2.3811	0.642	-0.857	-1.430	-1.530	3.15803504	4
	0.021900	10.0000	1.06753659	0.9865	1.6496	3.6624	2.3841	0.646	-0.852	-1.424	-1.524	3.15805912	4
	0.021900	10.0000	1.06757188	0.9865	1.6491	3.6625	2.3850	0.647	-0.850	-1.422	-1.522	3.15806746	4
	0.021900	10.0000	1.06763601	0.9865	1.6483	3.6627	2.3866	0.649	-0.847	-1.418	-1.518	3.15808272	4
	0.021900	10.0000	1.06773365	0.9865	1.6471	3.6629	2.3887	0.652	-0.844	-1.414	-1.514	3.15810585	4
	0.021900	10.0000	1.06782830	0.9865	1.6463	3.6632	2.3905	0.654	-0.841	-1.411	-1.510	3.15812850	4
	0.021900	10.0000	1.06792998	0.9866	1.6457	3.6633	2.3918	0.656	-0.839	-1.408	-1.507	3.15815258	4
	0.021900	10.0000	1.06802869	0.9866	1.6455	3.6635	2.3925	0.656	-0.838	-1.407	-1.506	3.15817618	4
	0.021900	10.0000	1.06812739	0.9866	1.6458	3.6636	2.3925	0.655	-0.839	-1.407	-1.506	3.15819955	4
	0.021900	10.0000	1.06822181	0.9866	1.6465	3.6636	2.3920	0.654	-0.840	-1.409	-1.508	3.15822196	4
	0.021900	10.0000	1.06827557	0.9866	1.6470	3.6636	2.3915	0.652	-0.842	-1.410	-1.509	3.15823483	4
	0.021900	10.0000	1.06831825	0.9866	1.6477	3.6636	2.3907	0.651	-0.843	-1.412	-1.511	3.15824485	4
	0.021900	10.0000	1.06841707	0.9866	1.6494	3.6635	2.3886	0.647	-0.848	-1.417	-1.516	3.15826845	4
	0.021900	10.0000	1.06851566	0.9866	1.6518	3.6633	2.3856	0.641	-0.854	-1.423	-1.523	3.15829182	4
	0.021900	10.0000	1.06861663	0.9866	1.6550	3.6631	2.3814	0.633	-0.863	-1.433	-1.532	3.15831590	4
	0.021900	10.0000	1.06871343	0.9866	1.6588	3.6628	2.3764	0.623	-0.874	-1.444	-1.544	3.15833879	4
	0.021900	10.0000	1.06881177	0.9866	1.6637	3.6623	2.3697	0.611	-0.887	-1.459	-1.559	3.15836215	4
	0.021900	10.0000	1.06890917	0.9866	1.6694	3.6618	2.3621	0.597	-0.903	-1.476	-1.577	3.15838528	4
	0.021900	10.0000	1.06900585	0.9865	1.6759	3.6613	2.3533	0.580	-0.921	-1.496	-1.597	3.15840816	4
	0.021900	10.0000	1.06910241	0.9865	1.6837	3.6606	2.3428	0.561	-0.942	-1.519	-1.621	3.15843129	4
	0.021900	10.0000	1.06919920	0.9865	1.6895	3.6601	2.3350	0.546	-0.958	-1.537	-1.639	3.15845418	4
	0.021900	10.0000	1.06929803	0.9865	1.7037	3.6588	2.3157	0.511	-0.998	-1.580	-1.683	3.15847754	4
	0.021900	10.0000	1.06939447	0.9865	1.7350	3.6560	2.2731	0.433	-1.084	-1.674	-1.780	3.15850043	4
	0.021900	10.0000	1.06945693	0.9864	1.7731	3.6526	2.2212	0.337	-1.189	-1.790	-1.898	3.15851521	4
	0.021900	10.0000	1.06949115	0.9864	1.8117	3.6491	2.1687	0.241	-1.296	-1.906	-2.018	3.15852332	4
	0.021900	10.0000	1.06951118	0.9864	1.8547	3.6453	2.1104	0.133	-1.414	-2.035	-2.150	3.15852809	4
	0.021900	10.0000	1.06952107	0.9864	1.8949	3.6417	2.0561	0.033	-1.523	-2.156	-2.274	3.15853047	4
	0.021900	10.0000	1.06952643	0.9863	1.9347	3.6382	2.0023	-0.067	-1.632	-2.275	-2.397	3.15853167	4
	0.021900	10.0000	1.06952953	0.9863	1.9737	3.6349	1.9498	-0.164	-1.738	-2.390	-2.517	3.15853238	4
	0.021900	10.0000	1.06953168	0.9863	2.0129	3.6315	1.8970	-0.262	-1.845	-2.506	-2.637	3.15853310	4
	0.021900	10.0000	1.06953275	0.9863	2.0385	3.6293	1.8625	-0.326	-1.915	-2.582	-2.715	3.15853333	7
	0.021900	10.0000	1.06953287	0.9863	2.0392	3.6292	1.8616	-0.328	-1.917	-2.584	-2.717	3.15853333	7
	0.021900	10.0000	1.06953335	0.9863	2.0516	3.6281	1.8450	-0.359	-1.951	-2.621	-2.755	3.15853333	7
	0.021900	10.0000	1.06953490	0.9863	2.0960	3.6244	1.7855	-0.470	-2.071	-2.751	-2.891	3.15853381	7
	0.021900	10.0000	1.06953633	0.9863	2.1349	3.6210	1.7332	-0.567	-2.176	-2.865	-3.009	3.15853405	7
	0.021900	10.0000	1.06953776	0.9863	2.1694	3.6180	1.6868	-0.653	-2.270	-2.967	-3.115	3.15853453	7
	0.021900	10.0000	1.06954157	0.9863	2.1785	3.6173	1.6748	-0.676	-2.294	-2.993	-3.142	3.15853524	7
	0.021900	10.0000	1.06954443	0.9862	2.1446	3.6203	1.7205	-0.591	-2.202	-2.893	-3.038	3.15853596	7
	0.021900	10.0000	1.06955123	0.9862	2.1035	3.6238	1.7759	-0.489	-2.091	-2.772	-2.913	3.15853763	7
	0.021900	10.0000	1.06962264	0.9858	2.0877	3.6251	1.7964	-0.449	-2.048	-2.726	-2.865	3.15855455	7
	0.021900	10.0000	1.06967163	0.9855	2.1275	3.6216	1.7427	-0.549	-2.156	-2.844	-2.987	3.15856624	7
	0.021900	10.0000	1.06971323	0.9852	2.1691	3.6180	1.6865	-0.653	-2.269	-2.966	-3.114	3.15857601	7
	0.021900	10.0000	1.06974792	0.9850	2.2106	3.6144	1.6304	-0.756	-2.381	-3.088	-3.241	3.15858436	7
	0.021900	10.0000	1.06977749	0.9847	2.2524	3.6107	1.5738	-0.861	-2.495	-3.211	-3.369	3.15859127	7
	0.021900	10.0000	1.06980252	0.9844	2.2942	3.6071	1.5172	-0.965	-2.608	-3.334	-3.498	3.15859723	7
	0.021900	10.0000	1.06982422	0.9840	2.3358	3.6034	1.4609	-1.069	-2.721	-3.456	-3.625	3.15860224	7
	0.021900	10.0000	1.06984317	0.9837	2.3774	3.5997	1.4041	-1.174	-2.833	-3.578	-3.753	3.15860677	7
	0.021900	10.0000	1.06986010	0.9834	2.4188	3.5959	1.3474	-1.277	-2.946	-3.700	-3.881	3.15861082	7
	0.021900	10.0000	1.06987536	0.9830	2.4600	3.5921	1.2910	-1.380	-3.058	-3.822	-4.008	3.15861440	7
	0.021900	10.0000	1.06988966	0.9826	2.5012	3.5882	1.2342	-1.483	-3.170	-3.944	-4.136	3.15861797	7
	0.021900	10.0000	1.06990290	0.9822	2.5421	3.5843	1.1773	-1.585	-3.282	-4.065	-4.263	3.15862107	7
	0.021900	10.0000	1.06991553	0.9817	2.5833	3.5803	1.1198	-1.688	-3.395	-4.188	-4.392	3.15862393	7
	0.021900	10.0000	1.06992769	0.9811	2.6250	3.5761	1.0611	-1.793	-3.510	-4.312	-4.523	3.15862679	7
	0.021900	10.0000	1.06993878	0.9805	2.6668	3.5719	1.0021	-1.897	-3.625	-4.437	-4.655	3.15862942	7
	0.021900	10.0000	1.06994903	0.9798	2.7080	3.5676	0.9435	-2.000	-3.739	-4.555	-4.784	3.15863204	7
	0.021900	10.0000	1.06995821	0.9791	2.7522	3.5629	0.8800	-2.111	-3.862	-4.682	-4.923	3.15863419	7
	0.021900	10.0000	1.06996489	0.9785	2.7980	3.5578	0.8139	-2.225	-3.989	-4.812	-5.066	3.15863562	7
	0.021900	10.0000	1.06996942	0.9780	2.8417	3.5529	0.7502	-2.334	-4.110	-4.937	-5.204	3.15863681	7
	0.021900	10.0000	1.06997323	0.9775	2.8842	3.5480	0.6878	-2.440	-4.228	-5.059	-5.339	3.15863776	7
	0.021900	10.0000	1.06997669	0.9769	2.9265	3.5430	0.6252	-2.546	-4.345	-5.180	-5.474	3.15863848	7
	0.021900	10.0000	1.06997967	0.9763	2.9666	3.5381	0.5654	-2.647	-4.457	-5.295	-5.603	3.15863919	7
	0.021900	10.0000	1.06998289	0.9756	3.0086	3.5329	0.5023	-2.751	-4.574	-5.415	-5.739	3.15863991	7
	0.021900	10.0000	1.06998587	0.9749	3.0476	3.5280	0.4433	-2.849	-4.683	-5.531	-5.864	3.15864062	7
	0.021900	10.0000	1.06998897	0.9739	3.0873	3.5228	0.3824	-2.948	-4.796	-5.650	-5.992	3.15864134	7
	0.021900	10.0000	1.06999218	0.9727	3.1247	3.5178	0.3245	-3.042	-4.901	-5.763	-6.113	3.15864205	7
	0.021900	10.0000	1.06999564	0.9713	3.1621	3.5128	0.2666	-3.135	-5.005	-5.874	-6.234	3.15864301	7
	0.021900	10.0000	1.06999934	0.9694	3.1997	3.5077	0.2077	-3.229	-5.110	-5.987	-6.356	3.15864372	7
	0.021900	10.0000	1.07000279	0.9675	3.2469	3.5010	0.1328	-3.347	-5.239	-6.129	-6.510	3.15864468	7
	0.021900	10.0000	1.07000387	0.9668	3.3020	3.4927	0.0442	-3.485	-5.388	-6.296	-6.693	3.15864491	7
	0.021900	10.0000	1.07000387	0.9668	3.3020	3.4927	0.0442	-3.485	-5.388	-6.296	-6.693	3.15864491	8
