# File generated by CMD 2.7 (http://stev.oapd.inaf.it/cmd) on Thu May 14 15:38:46 CEST 2015
# PARSEC isochrones, release v1.2S
# Basic references: Bressan et al. (2012), MNRAS, 427, 127 + Chen et al. (2014), MNRAS, 444, 2525 + Tang et al. (2014), MNRAS, 445, 4287
# Warning: the TP-AGB phase is not included! TP-AGB tracks are in preparation by Marigo et al.
# Photometric system:  2MASS <i>JHK</i><sub>s</sub>
# Using NBC version of bolometric corrections as in Chen et al. (2014), MNRAS, 444, 2525
# BCs of Carbon stars derive from Aringer et al. (2009, A&A 503, 913)
# O-rich circumstellar dust ignored
# C-rich circumstellar dust ignored
# IMF: Chabrier (2001) lognormal 
# On RGB, assumed Reimers mass loss with efficiency eta=0.2
# Kind of output: isochrone tables
#	Isochrone  Z = 0.01210	Y = 0.27040	[M/H] = -0.089	eta_R = 0.200	Age = 	1.0000e+10 yr
#      Z	log(age/yr)	M_ini   	M_act	logL/Lo	logTe	logG	mbol    J       H       Ks	int_IMF	stage
	0.012100	10.0000	0.09000000	0.0900	-3.4050	3.3708	5.2325	13.283	11.034	10.475	10.223	1.46765435	1
	0.012100	10.0000	0.09950128	0.0995	-3.2244	3.3968	5.1996	12.831	10.653	10.087	9.823	1.56551278	1
	0.012100	10.0000	0.10000000	0.1000	-3.2154	3.3981	5.1980	12.809	10.634	10.067	9.803	1.57040203	1
	0.012100	10.0000	0.12000000	0.1200	-2.9470	3.4333	5.1496	12.138	10.058	9.481	9.204	1.74782515	1
	0.012100	10.0000	0.14000000	0.1400	-2.7659	3.4525	5.1119	11.685	9.652	9.072	8.796	1.89584959	1
	0.012100	10.0000	0.16000000	0.1600	-2.6237	3.4661	5.0820	11.329	9.332	8.749	8.477	2.02115250	1
	0.012100	10.0000	0.20000000	0.2000	-2.4030	3.4848	5.0333	10.777	8.829	8.244	7.980	2.22178221	1
	0.012100	10.0000	0.25000000	0.2500	-2.1917	3.5002	4.9805	10.249	8.340	7.752	7.499	2.40809011	1
	0.012100	10.0000	0.30000001	0.3000	-2.0264	3.5106	4.9358	9.836	7.952	7.361	7.114	2.54750419	1
	0.012100	10.0000	0.34999999	0.3500	-1.8800	3.5192	4.8911	9.470	7.608	7.012	6.772	2.65552020	1
	0.012100	10.0000	0.40000001	0.4000	-1.7335	3.5303	4.8468	9.104	7.270	6.666	6.434	2.74133730	1
	0.012100	10.0000	0.44999999	0.4500	-1.5792	3.5432	4.7952	8.718	6.917	6.304	6.080	2.81098008	1
	0.012100	10.0000	0.50000000	0.5000	-1.4145	3.5598	4.7427	8.306	6.550	5.925	5.711	2.86847806	1
	0.012100	10.0000	0.55000001	0.5500	-1.2309	3.5814	4.6868	7.847	6.151	5.509	5.315	2.91663504	1
	0.012100	10.0000	0.60000002	0.5999	-1.0517	3.6079	4.6516	7.399	5.769	5.106	4.951	2.95739889	1
	0.012100	10.0000	0.60862446	0.6086	-1.0192	3.6136	4.6480	7.318	5.700	5.036	4.890	2.96380901	1
	0.012100	10.0000	0.64999998	0.6499	-0.8687	3.6399	4.6311	6.942	5.387	4.739	4.629	2.99236870	1
	0.012100	10.0000	0.65135211	0.6513	-0.8638	3.6408	4.6306	6.929	5.377	4.731	4.622	2.99324369	1
	0.012100	10.0000	0.69999999	0.6999	-0.6915	3.6710	4.6105	6.499	5.034	4.470	4.384	3.02253795	1
	0.012100	10.0000	0.71712315	0.7170	-0.6317	3.6810	4.6012	6.349	4.917	4.388	4.306	3.03193116	1
	0.012100	10.0000	0.73523682	0.7351	-0.5689	3.6913	4.5904	6.192	4.792	4.295	4.217	3.04140568	1
	0.012100	10.0000	0.75000000	0.7498	-0.5180	3.6995	4.5809	6.065	4.694	4.221	4.148	3.04879928	1
	0.012100	10.0000	0.75013858	0.7500	-0.5176	3.6995	4.5808	6.064	4.693	4.220	4.147	3.04886723	1
	0.012100	10.0000	0.76845425	0.7682	-0.4552	3.7083	4.5641	5.908	4.568	4.122	4.052	3.05765367	1
	0.012100	10.0000	0.78467226	0.7844	-0.4000	3.7160	4.5483	5.770	4.458	4.034	3.967	3.06510162	1
	0.012100	10.0000	0.80000001	0.7997	-0.3476	3.7230	4.5325	5.639	4.354	3.948	3.885	3.07187057	1
	0.012100	10.0000	0.81252092	0.8122	-0.3045	3.7283	4.5174	5.531	4.266	3.875	3.814	3.07720828	1
	0.012100	10.0000	0.82832175	0.8280	-0.2497	3.7348	4.4970	5.394	4.156	3.782	3.723	3.08370805	1
	0.012100	10.0000	0.84308892	0.8427	-0.1980	3.7407	4.4764	5.265	4.052	3.692	3.637	3.08955693	1
	0.012100	10.0000	0.85000002	0.8496	-0.1734	3.7433	4.4658	5.204	4.001	3.648	3.594	3.09222293	1
	0.012100	10.0000	0.85964572	0.8593	-0.1387	3.7467	4.4498	5.117	3.929	3.584	3.532	3.09587026	1
	0.012100	10.0000	0.87491089	0.8745	-0.0826	3.7519	4.4219	4.976	3.810	3.478	3.428	3.10147381	1
	0.012100	10.0000	0.88843083	0.8879	-0.0316	3.7561	4.3946	4.849	3.701	3.379	3.330	3.10627222	1
	0.012100	10.0000	0.89999998	0.8995	0.0129	3.7595	4.3692	4.738	3.604	3.290	3.242	3.11026096	1
	0.012100	10.0000	0.91319954	0.9126	0.0647	3.7627	4.3363	4.608	3.489	3.183	3.136	3.11468554	1
	0.012100	10.0000	0.92647630	0.9258	0.1165	3.7651	4.3004	4.479	3.371	3.070	3.024	3.11900568	1
	0.012100	10.0000	0.93705732	0.9363	0.1606	3.7667	4.2677	4.368	3.268	2.971	2.926	3.12235880	1
	0.012100	10.0000	0.94151521	0.9408	0.1799	3.7673	4.2529	4.320	3.223	2.927	2.882	3.12374830	1
	0.012100	10.0000	0.94633758	0.9456	0.2013	3.7678	4.2354	4.267	3.172	2.877	2.832	3.12523627	1
	0.012100	10.0000	0.94999999	0.9492	0.2181	3.7679	4.2207	4.225	3.130	2.836	2.791	3.12635612	1
	0.012100	10.0000	0.95842344	0.9576	0.2578	3.7678	4.1846	4.125	3.031	2.737	2.692	3.12889838	1
	0.012100	10.0000	0.96724987	0.9663	0.3015	3.7665	4.1398	4.016	2.917	2.619	2.574	3.13151360	1
	0.012100	10.0000	0.97091043	0.9699	0.3201	3.7657	4.1193	3.970	2.867	2.567	2.522	3.13258386	2
	0.012100	10.0000	0.97565728	0.9746	0.3446	3.7633	4.0874	3.908	2.796	2.490	2.444	3.13395953	2
	0.012100	10.0000	0.98356158	0.9824	0.3839	3.7565	4.0244	3.810	2.668	2.347	2.298	3.13622022	2
	0.012100	10.0000	0.98856974	0.9874	0.4030	3.7476	3.9720	3.762	2.583	2.240	2.188	3.13763309	2
	0.012100	10.0000	0.99202383	0.9908	0.4079	3.7364	3.9236	3.750	2.526	2.154	2.098	3.13859940	2
	0.012100	10.0000	0.99441296	0.9932	0.4083	3.7247	3.8774	3.749	2.479	2.075	2.014	3.13926339	2
	0.012100	10.0000	0.99666977	0.9954	0.4220	3.7125	3.8162	3.715	2.399	1.961	1.895	3.13988781	2
	0.012100	10.0000	0.99856716	0.9972	0.4583	3.7044	3.7479	3.624	2.279	1.817	1.747	3.14041066	2
	0.012100	10.0000	0.99933022	0.9980	0.4802	3.7019	3.7164	3.569	2.215	1.746	1.675	3.14062023	3
	0.012100	10.0000	1.00000000	0.9986	0.5032	3.7001	3.6866	3.512	2.152	1.677	1.606	3.14080405	3
	0.012100	10.0000	1.00107729	0.9997	0.5455	3.6977	3.6353	3.406	2.038	1.556	1.484	3.14109898	3
	0.012100	10.0000	1.00227404	1.0009	0.5994	3.6956	3.5735	3.272	1.896	1.408	1.334	3.14142585	3
	0.012100	10.0000	1.00335455	1.0019	0.6537	3.6940	3.5132	3.136	1.755	1.262	1.187	3.14172029	3
	0.012100	10.0000	1.00414264	1.0027	0.6968	3.6929	3.4658	3.028	1.644	1.147	1.072	3.14193463	3
	0.012100	10.0000	1.00482547	1.0033	0.7372	3.6918	3.4214	2.927	1.539	1.039	0.963	3.14212012	3
	0.012100	10.0000	1.00548494	1.0039	0.7790	3.6907	3.3756	2.822	1.430	0.927	0.851	3.14229894	3
	0.012100	10.0000	1.00626183	1.0047	0.8329	3.6893	3.3164	2.688	1.291	0.783	0.706	3.14250922	3
	0.012100	10.0000	1.00682569	1.0052	0.8753	3.6881	3.2693	2.582	1.181	0.670	0.592	3.14266157	3
	0.012100	10.0000	1.00746191	1.0058	0.9277	3.6865	3.2109	2.451	1.045	0.529	0.451	3.14283347	3
	0.012100	10.0000	1.00790930	1.0062	0.9679	3.6852	3.1658	2.350	0.940	0.420	0.341	3.14295411	3
	0.012100	10.0000	1.00834298	1.0066	1.0097	3.6839	3.1186	2.246	0.831	0.307	0.227	3.14307094	3
	0.012100	10.0000	1.00883961	1.0070	1.0622	3.6819	3.0586	2.115	0.693	0.164	0.083	3.14320445	3
	0.012100	10.0000	1.00928044	1.0074	1.1135	3.6800	2.9998	1.986	0.558	0.023	-0.059	3.14332318	3
	0.012100	10.0000	1.00967097	1.0077	1.1637	3.6780	2.9415	1.861	0.426	-0.115	-0.198	3.14342809	3
	0.012100	10.0000	1.01003265	1.0080	1.2151	3.6758	2.8814	1.732	0.291	-0.257	-0.342	3.14352512	3
	0.012100	10.0000	1.01034951	1.0082	1.2644	3.6736	2.8235	1.609	0.161	-0.394	-0.480	3.14361000	3
	0.012100	10.0000	1.01063836	1.0084	1.3137	3.6713	2.7650	1.486	0.031	-0.532	-0.619	3.14368749	3
	0.012100	10.0000	1.01090133	1.0085	1.3627	3.6690	2.7069	1.363	-0.099	-0.668	-0.757	3.14375782	3
	0.012100	10.0000	1.01114261	1.0087	1.4111	3.6665	2.6488	1.242	-0.227	-0.804	-0.894	3.14382243	3
	0.012100	10.0000	1.01136672	1.0087	1.4590	3.6641	2.5913	1.122	-0.353	-0.938	-1.030	3.14388251	3
	0.012100	10.0000	1.01157844	1.0088	1.5052	3.6617	2.5353	1.007	-0.476	-1.068	-1.162	3.14393926	3
	0.012100	10.0000	1.01184154	1.0089	1.5497	3.6594	2.4817	0.896	-0.593	-1.193	-1.288	3.14400959	3
	0.012100	10.0000	1.01192415	1.0089	1.5589	3.6590	2.4709	0.873	-0.617	-1.218	-1.314	3.14403152	3
	0.012100	10.0000	1.01213455	1.0089	1.5201	3.6616	2.5202	0.970	-0.513	-1.106	-1.199	3.14408779	3
	0.012100	10.0000	1.01222670	1.0089	1.4889	3.6637	2.5596	1.048	-0.429	-1.015	-1.108	3.14411235	3
	0.012100	10.0000	1.01227117	1.0089	1.5023	3.6629	2.5432	1.014	-0.465	-1.053	-1.146	3.14412427	3
	0.012100	10.0000	1.01244342	1.0090	1.5500	3.6603	2.4849	0.895	-0.592	-1.188	-1.283	3.14417028	3
	0.012100	10.0000	1.01260841	1.0090	1.5971	3.6576	2.4271	0.777	-0.718	-1.322	-1.419	3.14421439	3
	0.012100	10.0000	1.01275849	1.0089	1.6429	3.6549	2.3708	0.663	-0.840	-1.453	-1.552	3.14425421	3
	0.012100	10.0000	1.01289833	1.0089	1.6887	3.6522	2.3141	0.548	-0.963	-1.584	-1.685	3.14429164	3
	0.012100	10.0000	1.01302993	1.0088	1.7354	3.6495	2.2563	0.431	-1.088	-1.717	-1.820	3.14432669	3
	0.012100	10.0000	1.01314318	1.0087	1.7790	3.6467	2.2017	0.322	-1.204	-1.842	-1.948	3.14435697	3
	0.012100	10.0000	1.01325250	1.0086	1.8246	3.6439	2.1449	0.208	-1.326	-1.972	-2.080	3.14438605	3
	0.012100	10.0000	1.01335096	1.0084	1.8692	3.6411	2.0889	0.097	-1.445	-2.101	-2.211	3.14441228	3
	0.012100	10.0000	1.01344216	1.0082	1.9135	3.6383	2.0331	-0.014	-1.564	-2.228	-2.341	3.14443660	3
	0.012100	10.0000	1.01352501	1.0080	1.9573	3.6354	1.9778	-0.123	-1.681	-2.354	-2.470	3.14445853	3
	0.012100	10.0000	1.01360095	1.0077	2.0008	3.6325	1.9225	-0.232	-1.797	-2.479	-2.598	3.14447880	3
	0.012100	10.0000	1.01367223	1.0074	2.0452	3.6295	1.8661	-0.343	-1.916	-2.607	-2.729	3.14449787	3
	0.012100	10.0000	1.01373541	1.0071	2.0879	3.6266	1.8115	-0.450	-2.030	-2.729	-2.855	3.14451456	3
	0.012100	10.0000	1.01379383	1.0068	2.1306	3.6236	1.7567	-0.557	-2.144	-2.852	-2.982	3.14453030	3
	0.012100	10.0000	1.01384771	1.0064	2.1732	3.6206	1.7020	-0.663	-2.258	-2.974	-3.108	3.14454460	3
	0.012100	10.0000	1.01389790	1.0059	2.2159	3.6176	1.6468	-0.770	-2.372	-3.097	-3.235	3.14455795	3
	0.012100	10.0000	1.01394463	1.0054	2.2590	3.6145	1.5913	-0.877	-2.486	-3.220	-3.362	3.14457035	3
	0.012100	10.0000	1.01398611	1.0049	2.3002	3.6114	1.5377	-0.980	-2.596	-3.339	-3.484	3.14458132	3
	0.012100	10.0000	1.01402557	1.0043	2.3424	3.6083	1.4827	-1.086	-2.707	-3.460	-3.610	3.14459181	3
	0.012100	10.0000	1.01406157	1.0037	2.3840	3.6052	1.4283	-1.190	-2.818	-3.579	-3.734	3.14460135	3
	0.012100	10.0000	1.01409447	1.0030	2.4249	3.6020	1.3743	-1.292	-2.926	-3.697	-3.856	3.14461017	3
	0.012100	10.0000	1.01412535	1.0022	2.4663	3.5988	1.3197	-1.396	-3.036	-3.817	-3.980	3.14461851	3
	0.012100	10.0000	1.01415324	1.0014	2.5064	3.5956	1.2665	-1.496	-3.143	-3.932	-4.101	3.14462590	3
	0.012100	10.0000	1.01417935	1.0005	2.5468	3.5923	1.2127	-1.597	-3.250	-4.049	-4.223	3.14463282	3
	0.012100	10.0000	1.01420391	0.9995	2.5875	3.5890	1.1582	-1.699	-3.358	-4.167	-4.346	3.14463925	3
	0.012100	10.0000	1.01422548	0.9985	2.6261	3.5857	1.1061	-1.795	-3.461	-4.280	-4.463	3.14464498	3
	0.012100	10.0000	1.01424658	0.9973	2.6660	3.5823	1.0519	-1.895	-3.568	-4.396	-4.585	3.14465070	3
	0.012100	10.0000	1.01426625	0.9961	2.7060	3.5788	0.9976	-1.995	-3.675	-4.512	-4.707	3.14465594	3
	0.012100	10.0000	1.01428795	0.9944	2.7532	3.5745	0.9323	-2.113	-3.804	-4.646	-4.851	3.14466166	3
	0.012100	10.0000	1.01430786	0.9926	2.7997	3.5701	0.8673	-2.229	-3.930	-4.778	-4.994	3.14466691	3
	0.012100	10.0000	1.01432633	0.9905	2.8464	3.5656	0.8020	-2.346	-4.058	-4.909	-5.137	3.14467192	3
	0.012100	10.0000	1.01434350	0.9882	2.8931	3.5611	0.7363	-2.463	-4.185	-5.040	-5.280	3.14467645	3
	0.012100	10.0000	1.01435912	0.9857	2.9390	3.5566	0.6710	-2.577	-4.311	-5.170	-5.422	3.14468050	3
	0.012100	10.0000	1.01437366	0.9829	2.9840	3.5519	0.6061	-2.690	-4.434	-5.297	-5.562	3.14468431	3
	0.012100	10.0000	1.01438689	0.9799	3.0282	3.5472	0.5417	-2.800	-4.556	-5.423	-5.700	3.14468789	3
	0.012100	10.0000	1.01439917	0.9765	3.0717	3.5425	0.4778	-2.909	-4.675	-5.547	-5.836	3.14469123	3
	0.012100	10.0000	1.01441050	0.9727	3.1143	3.5377	0.4143	-3.016	-4.793	-5.671	-5.970	3.14469433	3
	0.012100	10.0000	1.01442099	0.9686	3.1565	3.5328	0.3511	-3.121	-4.910	-5.794	-6.101	3.14469695	3
	0.012100	10.0000	1.01443064	0.9641	3.1974	3.5279	0.2884	-3.224	-5.026	-5.916	-6.231	3.14469957	3
	0.012100	10.0000	1.01444006	0.9588	3.2394	3.5229	0.2239	-3.328	-5.148	-6.040	-6.365	3.14470220	3
	0.012100	10.0000	1.01444852	0.9532	3.2796	3.5179	0.1611	-3.429	-5.262	-6.159	-6.493	3.14470434	3
	0.012100	10.0000	1.01445675	0.9468	3.3202	3.5127	0.0969	-3.530	-5.375	-6.278	-6.622	3.14470649	3
	0.012100	10.0000	1.01446450	0.9397	3.3597	3.5076	0.0337	-3.629	-5.485	-6.394	-6.749	3.14470863	3
	0.012100	10.0000	1.01447248	0.9309	3.3991	3.5025	-0.0301	-3.728	-5.596	-6.518	-6.877	3.14471078	4
	0.012100	10.0000	1.01447248	0.9311	1.6879	3.6734	2.3645	0.550	-0.901	-1.452	-1.539	3.14471078	4
	0.012100	10.0000	1.01455855	0.9311	1.6960	3.6728	2.3542	0.530	-0.923	-1.475	-1.564	3.14473367	4
	0.012100	10.0000	1.01465082	0.9311	1.6999	3.6726	2.3496	0.520	-0.934	-1.486	-1.575	3.14475799	4
	0.012100	10.0000	1.01473534	0.9310	1.6997	3.6729	2.3507	0.521	-0.933	-1.484	-1.572	3.14478064	4
	0.012100	10.0000	1.01482022	0.9310	1.6978	3.6733	2.3542	0.525	-0.927	-1.477	-1.565	3.14480305	4
	0.012100	10.0000	1.01490688	0.9310	1.6952	3.6738	2.3588	0.532	-0.918	-1.467	-1.555	3.14482617	4
	0.012100	10.0000	1.01499116	0.9310	1.6925	3.6743	2.3636	0.539	-0.910	-1.457	-1.545	3.14484859	4
	0.012100	10.0000	1.01507819	0.9309	1.6898	3.6748	2.3685	0.546	-0.901	-1.447	-1.534	3.14487147	4
	0.012100	10.0000	1.01516497	0.9309	1.6871	3.6754	2.3732	0.552	-0.893	-1.437	-1.524	3.14489460	4
	0.012100	10.0000	1.01525295	0.9309	1.6847	3.6758	2.3776	0.558	-0.885	-1.428	-1.514	3.14491796	4
	0.012100	10.0000	1.01534522	0.9308	1.6825	3.6763	2.3816	0.564	-0.878	-1.420	-1.506	3.14494252	4
	0.012100	10.0000	1.01543808	0.9308	1.6806	3.6767	2.3851	0.568	-0.872	-1.412	-1.498	3.14496708	4
	0.012100	10.0000	1.01552808	0.9308	1.6791	3.6771	2.3881	0.572	-0.867	-1.406	-1.492	3.14499092	4
	0.012100	10.0000	1.01561546	0.9308	1.6778	3.6774	2.3906	0.576	-0.863	-1.401	-1.486	3.14501405	4
	0.012100	10.0000	1.01566470	0.9308	1.6771	3.6776	2.3919	0.577	-0.861	-1.398	-1.483	3.14502716	4
	0.012100	10.0000	1.01570153	0.9308	1.6767	3.6777	2.3928	0.578	-0.860	-1.396	-1.482	3.14503694	4
	0.012100	10.0000	1.01578844	0.9307	1.6759	3.6779	2.3946	0.580	-0.857	-1.393	-1.478	3.14506006	4
	0.012100	10.0000	1.01588392	0.9307	1.6753	3.6781	2.3960	0.582	-0.855	-1.390	-1.475	3.14508533	4
	0.012100	10.0000	1.01597571	0.9307	1.6750	3.6783	2.3970	0.582	-0.853	-1.388	-1.473	3.14510965	4
	0.012100	10.0000	1.01606596	0.9307	1.6752	3.6784	2.3972	0.582	-0.854	-1.388	-1.473	3.14513350	4
	0.012100	10.0000	1.01615405	0.9307	1.6758	3.6784	2.3968	0.581	-0.855	-1.389	-1.474	3.14515686	4
	0.012100	10.0000	1.01624179	0.9307	1.6768	3.6784	2.3957	0.578	-0.858	-1.392	-1.477	3.14517999	4
	0.012100	10.0000	1.01628661	0.9306	1.6775	3.6784	2.3948	0.576	-0.859	-1.394	-1.479	3.14519191	4
	0.012100	10.0000	1.01632690	0.9306	1.6783	3.6783	2.3938	0.574	-0.862	-1.396	-1.481	3.14520264	4
	0.012100	10.0000	1.01641071	0.9306	1.6802	3.6782	2.3914	0.570	-0.867	-1.402	-1.487	3.14522481	4
	0.012100	10.0000	1.01649404	0.9306	1.6828	3.6780	2.3879	0.563	-0.874	-1.410	-1.495	3.14524674	4
	0.012100	10.0000	1.01658261	0.9306	1.6861	3.6777	2.3833	0.555	-0.883	-1.420	-1.505	3.14527035	4
	0.012100	10.0000	1.01667225	0.9305	1.6903	3.6773	2.3776	0.544	-0.895	-1.433	-1.518	3.14529395	4
	0.012100	10.0000	1.01675582	0.9305	1.6950	3.6768	2.3710	0.532	-0.908	-1.448	-1.533	3.14531612	4
	0.012100	10.0000	1.01684105	0.9305	1.7005	3.6763	2.3633	0.519	-0.924	-1.465	-1.551	3.14533854	4
	0.012100	10.0000	1.01692450	0.9305	1.7066	3.6757	2.3548	0.504	-0.941	-1.484	-1.570	3.14536071	4
	0.012100	10.0000	1.01700974	0.9304	1.7135	3.6750	2.3451	0.486	-0.961	-1.505	-1.592	3.14538312	4
	0.012100	10.0000	1.01710069	0.9304	1.7246	3.6739	2.3296	0.458	-0.992	-1.540	-1.628	3.14540720	4
	0.012100	10.0000	1.01717448	0.9304	1.7210	3.6743	2.3348	0.467	-0.982	-1.528	-1.616	3.14542675	4
	0.012100	10.0000	1.01726162	0.9303	1.7378	3.6726	2.3114	0.426	-1.029	-1.581	-1.669	3.14544988	4
	0.012100	10.0000	1.01734626	0.9303	1.7727	3.6693	2.2630	0.338	-1.127	-1.689	-1.780	3.14547205	4
	0.012100	10.0000	1.01739526	0.9302	1.8113	3.6655	2.2094	0.242	-1.236	-1.808	-1.902	3.14548516	4
	0.012100	10.0000	1.01741993	0.9302	1.8502	3.6619	2.1560	0.145	-1.344	-1.927	-2.024	3.14549160	4
	0.012100	10.0000	1.01743305	0.9302	1.8893	3.6582	2.1020	0.047	-1.453	-2.048	-2.147	3.14549518	4
	0.012100	10.0000	1.01743972	0.9301	1.9279	3.6546	2.0491	-0.050	-1.560	-2.166	-2.268	3.14549685	4
	0.012100	10.0000	1.01744354	0.9301	1.9674	3.6510	1.9951	-0.148	-1.669	-2.286	-2.391	3.14549780	4
	0.012100	10.0000	1.01744592	0.9301	2.0066	3.6474	1.9417	-0.246	-1.777	-2.405	-2.513	3.14549851	4
	0.012100	10.0000	1.01744735	0.9301	2.0428	3.6442	1.8924	-0.337	-1.877	-2.515	-2.626	3.14549875	5
	0.012100	10.0000	1.01744747	0.9301	2.0441	3.6440	1.8906	-0.340	-1.880	-2.519	-2.630	3.14549899	6
	0.012100	10.0000	1.01744747	0.9301	2.0450	3.6440	1.8895	-0.342	-1.882	-2.521	-2.632	3.14549899	7
	0.012100	10.0000	1.01744914	0.9301	2.0922	3.6398	1.8256	-0.461	-2.012	-2.664	-2.779	3.14549923	7
	0.012100	10.0000	1.01745057	0.9301	2.1332	3.6362	1.7704	-0.563	-2.124	-2.786	-2.905	3.14549971	7
	0.012100	10.0000	1.01745462	0.9301	2.1462	3.6352	1.7531	-0.595	-2.159	-2.825	-2.945	3.14550090	7
	0.012100	10.0000	1.01746166	0.9300	2.1023	3.6391	1.8124	-0.486	-2.039	-2.693	-2.809	3.14550257	7
	0.012100	10.0000	1.01751733	0.9297	2.1104	3.6383	1.8011	-0.506	-2.062	-2.718	-2.835	3.14551735	7
	0.012100	10.0000	1.01755881	0.9294	2.1551	3.6342	1.7400	-0.618	-2.184	-2.852	-2.974	3.14552832	7
	0.012100	10.0000	1.01758420	0.9292	2.1895	3.6312	1.6932	-0.704	-2.277	-2.955	-3.080	3.14553499	7
	0.012100	10.0000	1.01761281	0.9289	2.2295	3.6277	1.6390	-0.804	-2.386	-3.074	-3.203	3.14554262	7
	0.012100	10.0000	1.01763785	0.9286	2.2698	3.6241	1.5846	-0.904	-2.494	-3.194	-3.327	3.14554906	7
	0.012100	10.0000	1.01766002	0.9283	2.3103	3.6206	1.5298	-1.006	-2.604	-3.313	-3.451	3.14555502	7
	0.012100	10.0000	1.01768005	0.9280	2.3513	3.6170	1.4742	-1.108	-2.714	-3.434	-3.576	3.14556026	7
	0.012100	10.0000	1.01769769	0.9277	2.3925	3.6134	1.4184	-1.211	-2.824	-3.556	-3.702	3.14556503	7
	0.012100	10.0000	1.01771343	0.9273	2.4338	3.6097	1.3624	-1.314	-2.935	-3.677	-3.828	3.14556909	7
	0.012100	10.0000	1.01772761	0.9269	2.4750	3.6061	1.3065	-1.417	-3.045	-3.799	-3.955	3.14557290	7
	0.012100	10.0000	1.01774049	0.9265	2.5160	3.6024	1.2507	-1.520	-3.154	-3.919	-4.080	3.14557624	7
	0.012100	10.0000	1.01775253	0.9261	2.5569	3.5987	1.1946	-1.622	-3.263	-4.040	-4.206	3.14557934	7
	0.012100	10.0000	1.01776409	0.9256	2.5981	3.5949	1.1380	-1.725	-3.374	-4.161	-4.334	3.14558244	7
	0.012100	10.0000	1.01777494	0.9250	2.6388	3.5911	1.0817	-1.827	-3.482	-4.282	-4.460	3.14558530	7
	0.012100	10.0000	1.01778555	0.9244	2.6806	3.5872	1.0240	-1.931	-3.594	-4.405	-4.589	3.14558816	7
	0.012100	10.0000	1.01779532	0.9237	2.7220	3.5832	0.9662	-2.035	-3.707	-4.526	-4.718	3.14559078	7
	0.012100	10.0000	1.01780474	0.9229	2.7647	3.5790	0.9063	-2.142	-3.823	-4.648	-4.850	3.14559317	7
	0.012100	10.0000	1.01781261	0.9221	2.8101	3.5744	0.8423	-2.255	-3.948	-4.778	-4.991	3.14559531	7
	0.012100	10.0000	1.01781797	0.9214	2.8563	3.5695	0.7763	-2.371	-4.074	-4.911	-5.136	3.14559674	7
	0.012100	10.0000	1.01782191	0.9209	2.8996	3.5650	0.7145	-2.479	-4.193	-5.034	-5.271	3.14559770	7
	0.012100	10.0000	1.01782548	0.9203	2.9434	3.5602	0.6511	-2.589	-4.313	-5.160	-5.409	3.14559865	7
	0.012100	10.0000	1.01782858	0.9196	2.9866	3.5552	0.5880	-2.697	-4.433	-5.284	-5.546	3.14559960	7
	0.012100	10.0000	1.01783156	0.9189	3.0290	3.5503	0.5256	-2.802	-4.550	-5.407	-5.682	3.14560032	7
	0.012100	10.0000	1.01783442	0.9180	3.0692	3.5455	0.4657	-2.903	-4.662	-5.524	-5.810	3.14560103	7
	0.012100	10.0000	1.01783741	0.9171	3.1078	3.5408	0.4079	-2.999	-4.769	-5.638	-5.933	3.14560175	7
	0.012100	10.0000	1.01784074	0.9157	3.1479	3.5359	0.3475	-3.100	-4.881	-5.757	-6.060	3.14560270	7
	0.012100	10.0000	1.01784372	0.9144	3.1755	3.5324	0.3052	-3.169	-4.958	-5.840	-6.149	3.14560342	7
	0.012100	10.0000	1.01784396	0.9143	3.1597	3.5345	0.3292	-3.129	-4.914	-5.792	-6.098	3.14560366	7
	0.012100	10.0000	1.01784420	0.9141	3.1517	3.5354	0.3411	-3.109	-4.891	-5.768	-6.072	3.14560366	7
	0.012100	10.0000	1.01784432	0.9141	3.1664	3.5336	0.3189	-3.146	-4.932	-5.812	-6.119	3.14560366	7
	0.012100	10.0000	1.01784456	0.9140	3.1852	3.5312	0.2905	-3.193	-4.985	-5.868	-6.180	3.14560366	7
	0.012100	10.0000	1.01784468	0.9139	3.2066	3.5284	0.2579	-3.246	-5.047	-5.933	-6.249	3.14560366	7
	0.012100	10.0000	1.01784503	0.9137	3.2272	3.5256	0.2261	-3.298	-5.107	-5.996	-6.317	3.14560390	7
	0.012100	10.0000	1.01784527	0.9135	3.2485	3.5227	0.1931	-3.351	-5.170	-6.061	-6.387	3.14560390	7
	0.012100	10.0000	1.01784575	0.9132	3.2703	3.5197	0.1589	-3.406	-5.234	-6.127	-6.459	3.14560413	7
	0.012100	10.0000	1.01784635	0.9128	3.3089	3.5142	0.0982	-3.502	-5.343	-6.243	-6.585	3.14560413	7
	0.012100	10.0000	1.01784670	0.9125	3.3181	3.5129	0.0836	-3.525	-5.369	-6.271	-6.616	3.14560437	7
	0.012100	10.0000	1.01784670	0.9124	3.3185	3.5128	0.0831	-3.526	-5.370	-6.272	-6.617	3.14560437	8
