# File generated by CMD 2.7 (http://stev.oapd.inaf.it/cmd) on Thu May 14 15:38:46 CEST 2015
# PARSEC isochrones, release v1.2S
# Basic references: Bressan et al. (2012), MNRAS, 427, 127 + Chen et al. (2014), MNRAS, 444, 2525 + Tang et al. (2014), MNRAS, 445, 4287
# Warning: the TP-AGB phase is not included! TP-AGB tracks are in preparation by Marigo et al.
# Photometric system:  2MASS <i>JHK</i><sub>s</sub>
# Using NBC version of bolometric corrections as in Chen et al. (2014), MNRAS, 444, 2525
# BCs of Carbon stars derive from Aringer et al. (2009, A&A 503, 913)
# O-rich circumstellar dust ignored
# C-rich circumstellar dust ignored
# IMF: Chabrier (2001) lognormal 
# On RGB, assumed Reimers mass loss with efficiency eta=0.2
# Kind of output: isochrone tables
#	Isochrone  Z = 0.02320	Y = 0.29059	[M/H] = 0.213	eta_R = 0.200	Age = 	1.0000e+10 yr
#      Z	log(age/yr)	M_ini   	M_act	logL/Lo	logTe	logG	mbol    J       H       Ks	int_IMF	stage
	0.023200	10.0000	0.09366046	0.0937	-3.3788	3.3596	5.1789	13.217	10.964	10.385	10.054	1.50646186	1
	0.023200	10.0000	0.10696539	0.1070	-3.1887	3.3840	5.1440	12.742	10.545	9.969	9.644	1.63613629	1
	0.023200	10.0000	0.10732091	0.1073	-3.1840	3.3846	5.1431	12.730	10.534	9.959	9.634	1.63936925	1
	0.023200	10.0000	0.12732092	0.1273	-2.9607	3.4114	5.1012	12.172	10.037	9.465	9.149	1.80506301	1
	0.023200	10.0000	0.14732091	0.1473	-2.7904	3.4304	5.0703	11.746	9.655	9.086	8.775	1.94400871	1
	0.023200	10.0000	0.17464182	0.1746	-2.6150	3.4480	5.0390	11.307	9.255	8.686	8.385	2.10135841	1
	0.023200	10.0000	0.21830228	0.2183	-2.3995	3.4658	4.9917	10.769	8.758	8.187	7.899	2.29681277	1
	0.023200	10.0000	0.26830226	0.2683	-2.2021	3.4806	4.9431	10.275	8.298	7.724	7.449	2.46361971	1
	0.023200	10.0000	0.30637720	0.3064	-2.0762	3.4894	4.9101	9.960	8.005	7.428	7.160	2.56279063	1
	0.023200	10.0000	0.31830227	0.3183	-2.0400	3.4920	4.9007	9.870	7.921	7.342	7.077	2.59013343	1
	0.023200	10.0000	0.36830226	0.3683	-1.8956	3.5018	4.8589	9.509	7.582	6.995	6.741	2.68910217	1
	0.023200	10.0000	0.44999999	0.4500	-1.6584	3.5217	4.7884	8.916	7.039	6.431	6.194	2.81098008	1
	0.023200	10.0000	0.50000000	0.5000	-1.5076	3.5359	4.7402	8.539	6.697	6.072	5.846	2.86847806	1
	0.023200	10.0000	0.55000001	0.5500	-1.3391	3.5536	4.6839	8.118	6.322	5.677	5.465	2.91663504	1
	0.023200	10.0000	0.59109128	0.5910	-1.2004	3.5728	4.6534	7.771	6.031	5.367	5.173	2.95059824	1
	0.023200	10.0000	0.60000002	0.6000	-1.1717	3.5768	4.6470	7.699	5.969	5.302	5.112	2.95739889	1
	0.023200	10.0000	0.64999998	0.6499	-0.9984	3.6059	4.6249	7.266	5.611	4.935	4.784	2.99236870	1
	0.023200	10.0000	0.69999999	0.6999	-0.8270	3.6365	4.6081	6.837	5.260	4.610	4.497	3.02253795	1
	0.023200	10.0000	0.72536415	0.7252	-0.7382	3.6534	4.6025	6.616	5.087	4.478	4.379	3.03629851	1
	0.023200	10.0000	0.75000000	0.7499	-0.6539	3.6693	4.5960	6.405	4.923	4.365	4.275	3.04879928	1
	0.023200	10.0000	0.76239306	0.7622	-0.6148	3.6749	4.5864	6.307	4.842	4.304	4.216	3.05479145	1
	0.023200	10.0000	0.78484857	0.7847	-0.5442	3.6849	4.5685	6.131	4.698	4.191	4.109	3.06518102	1
	0.023200	10.0000	0.80000001	0.7998	-0.4968	3.6916	4.5560	6.012	4.601	4.114	4.036	3.07187057	1
	0.023200	10.0000	0.80037367	0.8002	-0.4956	3.6917	4.5557	6.009	4.598	4.113	4.034	3.07203245	1
	0.023200	10.0000	0.82078683	0.8206	-0.4305	3.7005	4.5367	5.846	4.466	4.007	3.932	3.08064032	1
	0.023200	10.0000	0.83898968	0.8387	-0.3725	3.7081	4.5187	5.701	4.348	3.912	3.839	3.08795452	1
	0.023200	10.0000	0.85000002	0.8497	-0.3373	3.7126	4.5071	5.613	4.276	3.853	3.782	3.09222293	1
	0.023200	10.0000	0.85676628	0.8565	-0.3155	3.7153	4.4993	5.559	4.231	3.815	3.746	3.09479022	1
	0.023200	10.0000	0.87506419	0.8748	-0.2559	3.7222	4.4767	5.410	4.108	3.710	3.645	3.10152912	1
	0.023200	10.0000	0.89166993	0.8913	-0.2014	3.7282	4.4543	5.273	3.994	3.613	3.550	3.10739970	1
	0.023200	10.0000	0.89999998	0.8996	-0.1740	3.7311	4.4425	5.205	3.937	3.564	3.502	3.11026096	1
	0.023200	10.0000	0.91607761	0.9157	-0.1198	3.7362	4.4165	5.070	3.822	3.461	3.403	3.11563301	1
	0.023200	10.0000	0.93206561	0.9316	-0.0654	3.7409	4.3882	4.933	3.705	3.356	3.299	3.12078667	1
	0.023200	10.0000	0.94740057	0.9469	-0.0130	3.7449	4.3588	4.802	3.591	3.251	3.196	3.12556219	1
	0.023200	10.0000	0.94999999	0.9495	-0.0042	3.7455	4.3534	4.780	3.571	3.233	3.178	3.12635612	1
	0.023200	10.0000	0.96491194	0.9643	0.0468	3.7483	4.3207	4.653	3.456	3.124	3.071	3.13082576	1
	0.023200	10.0000	0.97815865	0.9775	0.0955	3.7506	4.2872	4.531	3.344	3.018	2.965	3.13467908	1
	0.023200	10.0000	0.98333329	0.9827	0.1150	3.7515	4.2734	4.483	3.299	2.975	2.923	3.13615537	1
	0.023200	10.0000	0.98972505	0.9890	0.1399	3.7523	4.2543	4.420	3.240	2.918	2.866	3.13795710	1
	0.023200	10.0000	1.00000000	0.9992	0.1807	3.7531	4.2214	4.318	3.142	2.822	2.770	3.14080405	1
	0.023200	10.0000	1.00364590	1.0029	0.1957	3.7533	4.2086	4.281	3.105	2.786	2.734	3.14179969	1
	0.023200	10.0000	1.01283681	1.0120	0.2349	3.7529	4.1718	4.183	3.006	2.685	2.633	3.14427519	1
	0.023200	10.0000	1.01963115	1.0188	0.2645	3.7520	4.1416	4.109	2.928	2.605	2.553	3.14607430	2
	0.023200	10.0000	1.02167892	1.0208	0.2735	3.7515	4.1313	4.086	2.903	2.579	2.527	3.14661145	2
	0.023200	10.0000	1.03142953	1.0305	0.3166	3.7475	4.0764	3.979	2.780	2.446	2.392	3.14913750	2
	0.023200	10.0000	1.03951955	1.0385	0.3477	3.7395	4.0168	3.901	2.670	2.315	2.259	3.15119481	2
	0.023200	10.0000	1.04394722	1.0429	0.3565	3.7305	3.9738	3.879	2.613	2.234	2.174	3.15230608	2
	0.023200	10.0000	1.04718745	1.0461	0.3547	3.7190	3.9310	3.883	2.573	2.165	2.099	3.15311289	2
	0.023200	10.0000	1.04960048	1.0485	0.3569	3.7077	3.8843	3.878	2.527	2.086	2.015	3.15371013	2
	0.023200	10.0000	1.04999995	1.0489	0.3593	3.7057	3.8743	3.872	2.514	2.068	1.996	3.15380883	2
	0.023200	10.0000	1.05106020	1.0499	0.3655	3.7005	3.8475	3.856	2.480	2.019	1.944	3.15407014	2
	0.023200	10.0000	1.05289137	1.0518	0.3994	3.6932	3.7854	3.771	2.371	1.888	1.810	3.15452003	2
	0.023200	10.0000	1.05339837	1.0523	0.4128	3.6916	3.7658	3.738	2.332	1.844	1.766	3.15464425	3
	0.023200	10.0000	1.05425060	1.0531	0.4398	3.6895	3.7305	3.670	2.258	1.763	1.684	3.15485311	3
	0.023200	10.0000	1.05562556	1.0544	0.4909	3.6867	3.6690	3.543	2.122	1.619	1.538	3.15518880	3
	0.023200	10.0000	1.05694389	1.0557	0.5476	3.6848	3.6052	3.401	1.975	1.465	1.383	3.15550995	3
	0.023200	10.0000	1.05789077	1.0567	0.5927	3.6836	3.5557	3.288	1.858	1.345	1.263	3.15574002	3
	0.023200	10.0000	1.05870140	1.0575	0.6345	3.6826	3.5102	3.184	1.751	1.235	1.152	3.15593672	3
	0.023200	10.0000	1.05947113	1.0582	0.6770	3.6816	3.4640	3.077	1.642	1.122	1.039	3.15612316	3
	0.023200	10.0000	1.06019962	1.0589	0.7202	3.6806	3.4170	2.969	1.530	1.008	0.924	3.15629935	3
	0.023200	10.0000	1.06087613	1.0596	0.7635	3.6795	3.3696	2.861	1.418	0.893	0.808	3.15646267	3
	0.023200	10.0000	1.06146383	1.0601	0.8041	3.6784	3.3248	2.760	1.313	0.784	0.699	3.15660429	3
	0.023200	10.0000	1.06202149	1.0606	0.8456	3.6772	3.2788	2.656	1.206	0.673	0.587	3.15673876	3
	0.023200	10.0000	1.06254089	1.0611	0.8875	3.6759	3.2319	2.551	1.097	0.560	0.473	3.15686369	3
	0.023200	10.0000	1.06301975	1.0616	0.9291	3.6745	3.1850	2.447	0.988	0.448	0.360	3.15697885	3
	0.023200	10.0000	1.06346583	1.0620	0.9708	3.6731	3.1375	2.343	0.879	0.334	0.246	3.15708590	3
	0.023200	10.0000	1.06386173	1.0623	1.0111	3.6716	3.0915	2.242	0.774	0.224	0.135	3.15718079	3
	0.023200	10.0000	1.06433249	1.0627	1.0634	3.6696	3.0313	2.112	0.637	0.081	-0.010	3.15729380	3
	0.023200	10.0000	1.06466067	1.0630	1.1031	3.6679	2.9850	2.012	0.533	-0.028	-0.120	3.15737224	3
	0.023200	10.0000	1.06504393	1.0633	1.1539	3.6657	2.9258	1.885	0.400	-0.168	-0.261	3.15746403	3
	0.023200	10.0000	1.06532168	1.0636	1.1938	3.6640	2.8788	1.785	0.295	-0.278	-0.373	3.15753055	3
	0.023200	10.0000	1.06564486	1.0638	1.2441	3.6617	2.8194	1.660	0.163	-0.417	-0.515	3.15760779	3
	0.023200	10.0000	1.06593812	1.0640	1.2937	3.6593	2.7604	1.536	0.032	-0.555	-0.654	3.15767789	3
	0.023200	10.0000	1.06621158	1.0642	1.3436	3.6568	2.7005	1.411	-0.100	-0.695	-0.796	3.15774322	3
	0.023200	10.0000	1.06646252	1.0644	1.3918	3.6543	2.6425	1.290	-0.227	-0.829	-0.932	3.15780306	3
	0.023200	10.0000	1.06671965	1.0645	1.4378	3.6519	2.5870	1.176	-0.348	-0.958	-1.063	3.15786433	3
	0.023200	10.0000	1.06697166	1.0646	1.4678	3.6504	2.5512	1.101	-0.427	-1.042	-1.147	3.15792441	3
	0.023200	10.0000	1.06714070	1.0647	1.4438	3.6520	2.5816	1.160	-0.363	-0.972	-1.077	3.15796471	3
	0.023200	10.0000	1.06728268	1.0647	1.4051	3.6545	2.6303	1.257	-0.259	-0.861	-0.964	3.15799856	3
	0.023200	10.0000	1.06732166	1.0648	1.3935	3.6553	2.6448	1.286	-0.229	-0.828	-0.930	3.15800786	3
	0.023200	10.0000	1.06746721	1.0648	1.4302	3.6533	2.6001	1.195	-0.325	-0.931	-1.035	3.15804243	3
	0.023200	10.0000	1.06766987	1.0649	1.4796	3.6505	2.5399	1.071	-0.456	-1.070	-1.176	3.15809083	3
	0.023200	10.0000	1.06785774	1.0650	1.5276	3.6478	2.4810	0.951	-0.583	-1.206	-1.314	3.15813541	3
	0.023200	10.0000	1.06803262	1.0650	1.5756	3.6451	2.4220	0.831	-0.712	-1.341	-1.453	3.15817714	3
	0.023200	10.0000	1.06819057	1.0650	1.6225	3.6423	2.3640	0.714	-0.837	-1.474	-1.588	3.15821457	3
	0.023200	10.0000	1.06833625	1.0650	1.6695	3.6395	2.3058	0.596	-0.962	-1.607	-1.725	3.15824914	3
	0.023200	10.0000	1.06846750	1.0650	1.7156	3.6366	2.2483	0.481	-1.085	-1.738	-1.859	3.15828037	3
	0.023200	10.0000	1.06859040	1.0649	1.7626	3.6337	2.1895	0.363	-1.210	-1.872	-1.996	3.15830970	3
	0.023200	10.0000	1.06870067	1.0648	1.8084	3.6308	2.1321	0.249	-1.332	-2.002	-2.129	3.15833569	3
	0.023200	10.0000	1.06880188	1.0647	1.8538	3.6278	2.0747	0.135	-1.453	-2.132	-2.263	3.15835977	3
	0.023200	10.0000	1.06889451	1.0645	1.8993	3.6249	2.0173	0.022	-1.574	-2.261	-2.396	3.15838194	3
	0.023200	10.0000	1.06897795	1.0643	1.9438	3.6218	1.9606	-0.089	-1.693	-2.388	-2.527	3.15840173	3
	0.023200	10.0000	1.06905556	1.0641	1.9888	3.6187	1.9031	-0.202	-1.814	-2.517	-2.659	3.15842009	3
	0.023200	10.0000	1.06912529	1.0639	2.0329	3.6157	1.8467	-0.312	-1.933	-2.642	-2.789	3.15843654	3
	0.023200	10.0000	1.06918943	1.0636	2.0769	3.6125	1.7901	-0.422	-2.051	-2.768	-2.920	3.15845180	3
	0.023200	10.0000	1.06924844	1.0633	2.1208	3.6094	1.7334	-0.532	-2.169	-2.894	-3.050	3.15846586	3
	0.023200	10.0000	1.06930184	1.0630	2.1637	3.6062	1.6777	-0.639	-2.284	-3.017	-3.178	3.15847850	3
	0.023200	10.0000	1.06935132	1.0626	2.2066	3.6030	1.6217	-0.747	-2.400	-3.140	-3.306	3.15849018	3
	0.023200	10.0000	1.06939697	1.0622	2.2496	3.5998	1.5656	-0.854	-2.515	-3.263	-3.434	3.15850115	3
	0.023200	10.0000	1.06943810	1.0617	2.2912	3.5965	1.5107	-0.958	-2.627	-3.383	-3.560	3.15851092	3
	0.023200	10.0000	1.06947613	1.0612	2.3328	3.5932	1.4557	-1.062	-2.740	-3.503	-3.685	3.15851974	3
	0.023200	10.0000	1.06951141	1.0607	2.3744	3.5898	1.4006	-1.166	-2.852	-3.623	-3.810	3.15852809	3
	0.023200	10.0000	1.06954336	1.0601	2.4148	3.5864	1.3464	-1.267	-2.962	-3.741	-3.933	3.15853572	3
	0.023200	10.0000	1.06957352	1.0595	2.4557	3.5830	1.2914	-1.369	-3.073	-3.860	-4.057	3.15854287	3
	0.023200	10.0000	1.06960118	1.0588	2.4960	3.5796	1.2370	-1.470	-3.183	-3.977	-4.180	3.15854955	3
	0.023200	10.0000	1.06962574	1.0580	2.5347	3.5761	1.1841	-1.567	-3.288	-4.091	-4.299	3.15855527	3
	0.023200	10.0000	1.06964910	1.0572	2.5738	3.5725	1.1304	-1.665	-3.395	-4.205	-4.420	3.15856075	3
	0.023200	10.0000	1.06967103	1.0563	2.6134	3.5690	1.0763	-1.764	-3.503	-4.321	-4.542	3.15856600	3
	0.023200	10.0000	1.06969512	1.0551	2.6600	3.5645	1.0114	-1.880	-3.631	-4.459	-4.687	3.15857172	3
	0.023200	10.0000	1.06971729	1.0538	2.7065	3.5600	0.9462	-1.996	-3.759	-4.591	-4.831	3.15857697	3
	0.023200	10.0000	1.06973779	1.0524	2.7522	3.5553	0.8813	-2.110	-3.885	-4.720	-4.971	3.15858197	3
	0.023200	10.0000	1.06975627	1.0508	2.7970	3.5507	0.8174	-2.222	-4.008	-4.846	-5.110	3.15858626	3
	0.023200	10.0000	1.06977355	1.0491	2.8417	3.5460	0.7532	-2.334	-4.131	-4.971	-5.249	3.15859032	3
	0.023200	10.0000	1.06978929	1.0472	2.8854	3.5413	0.6897	-2.444	-4.251	-5.095	-5.386	3.15859413	3
	0.023200	10.0000	1.06980371	1.0451	2.9282	3.5366	0.6272	-2.550	-4.369	-5.215	-5.520	3.15859747	3
	0.023200	10.0000	1.06981754	1.0427	2.9718	3.5317	0.5632	-2.660	-4.489	-5.338	-5.657	3.15860081	3
	0.023200	10.0000	1.06982994	1.0401	3.0136	3.5269	0.5012	-2.764	-4.606	-5.456	-5.790	3.15860367	3
	0.023200	10.0000	1.06984150	1.0372	3.0546	3.5221	0.4396	-2.867	-4.720	-5.577	-5.920	3.15860653	3
	0.023200	10.0000	1.06985235	1.0340	3.0958	3.5172	0.3773	-2.970	-4.834	-5.698	-6.050	3.15860891	3
	0.023200	10.0000	1.06986213	1.0306	3.1348	3.5123	0.3173	-3.067	-4.942	-5.813	-6.174	3.15861130	3
	0.023200	10.0000	1.06987119	1.0269	3.1733	3.5073	0.2574	-3.163	-5.048	-5.927	-6.297	3.15861344	3
	0.023200	10.0000	1.06988013	1.0225	3.2127	3.5022	0.1958	-3.262	-5.155	-6.044	-6.423	3.15861559	3
	0.023200	10.0000	1.06988811	1.0179	3.2502	3.4971	0.1360	-3.355	-5.256	-6.155	-6.544	3.15861750	3
	0.023200	10.0000	1.06989598	1.0127	3.2882	3.4920	0.0752	-3.451	-5.358	-6.268	-6.666	3.15861940	3
	0.023200	10.0000	1.06990302	1.0070	3.3247	3.4869	0.0160	-3.542	-5.452	-6.375	-6.782	3.15862107	3
	0.023200	10.0000	1.06990969	1.0008	3.3601	3.4818	-0.0425	-3.630	-5.546	-6.490	-6.897	3.15862250	3
	0.023200	10.0000	1.06991637	0.9936	3.3954	3.4768	-0.1010	-3.718	-5.644	-6.607	-7.005	3.15862417	3
	0.023200	10.0000	1.06991875	0.9907	3.4063	3.4752	-0.1195	-3.746	-5.675	-6.643	-7.038	3.15862465	4
	0.023200	10.0000	1.06991875	0.9909	1.6635	3.6570	2.3505	0.611	-0.903	-1.490	-1.595	3.15862465	4
	0.023200	10.0000	1.07002223	0.9909	1.6731	3.6563	2.3382	0.587	-0.929	-1.518	-1.623	3.15864921	4
	0.023200	10.0000	1.07011986	0.9909	1.6760	3.6562	2.3349	0.580	-0.936	-1.526	-1.631	3.15867233	4
	0.023200	10.0000	1.07021570	0.9909	1.6746	3.6566	2.3376	0.583	-0.932	-1.521	-1.625	3.15869498	4
	0.023200	10.0000	1.07031381	0.9909	1.6718	3.6570	2.3424	0.591	-0.923	-1.511	-1.615	3.15871835	4
	0.023200	10.0000	1.07041299	0.9909	1.6685	3.6575	2.3477	0.599	-0.914	-1.499	-1.604	3.15874171	4
	0.023200	10.0000	1.07051206	0.9909	1.6653	3.6581	2.3529	0.607	-0.904	-1.488	-1.592	3.15876532	4
	0.023200	10.0000	1.07061100	0.9909	1.6622	3.6586	2.3580	0.615	-0.895	-1.478	-1.581	3.15878868	4
	0.023200	10.0000	1.07070827	0.9908	1.6592	3.6590	2.3628	0.622	-0.887	-1.468	-1.571	3.15881157	4
	0.023200	10.0000	1.07080829	0.9908	1.6564	3.6595	2.3676	0.629	-0.878	-1.458	-1.560	3.15883541	4
	0.023200	10.0000	1.07091260	0.9908	1.6538	3.6599	2.3719	0.636	-0.870	-1.449	-1.551	3.15885997	4
	0.023200	10.0000	1.07101595	0.9908	1.6516	3.6603	2.3757	0.641	-0.864	-1.441	-1.543	3.15888453	4
	0.023200	10.0000	1.07111979	0.9908	1.6496	3.6607	2.3791	0.646	-0.858	-1.434	-1.536	3.15890884	4
	0.023200	10.0000	1.07122159	0.9908	1.6479	3.6610	2.3821	0.650	-0.853	-1.428	-1.529	3.15893292	4
	0.023200	10.0000	1.07125711	0.9908	1.6474	3.6611	2.3831	0.651	-0.851	-1.426	-1.527	3.15894151	4
	0.023200	10.0000	1.07132196	0.9908	1.6465	3.6613	2.3847	0.654	-0.848	-1.422	-1.524	3.15895677	4
	0.023200	10.0000	1.07142055	0.9908	1.6454	3.6616	2.3869	0.657	-0.845	-1.418	-1.519	3.15898013	4
	0.023200	10.0000	1.07151628	0.9908	1.6445	3.6618	2.3886	0.659	-0.842	-1.414	-1.515	3.15900254	4
	0.023200	10.0000	1.07161903	0.9908	1.6439	3.6620	2.3900	0.660	-0.840	-1.412	-1.512	3.15902686	4
	0.023200	10.0000	1.07171869	0.9909	1.6437	3.6621	2.3908	0.661	-0.839	-1.410	-1.511	3.15905046	4
	0.023200	10.0000	1.07181847	0.9909	1.6439	3.6622	2.3909	0.660	-0.839	-1.410	-1.511	3.15907407	4
	0.023200	10.0000	1.07191384	0.9909	1.6446	3.6622	2.3904	0.659	-0.841	-1.412	-1.513	3.15909648	4
	0.023200	10.0000	1.07196820	0.9909	1.6451	3.6622	2.3898	0.657	-0.842	-1.413	-1.514	3.15910935	4
	0.023200	10.0000	1.07201159	0.9909	1.6458	3.6622	2.3891	0.656	-0.844	-1.415	-1.516	3.15911961	4
	0.023200	10.0000	1.07211220	0.9909	1.6475	3.6621	2.3870	0.651	-0.848	-1.420	-1.521	3.15914321	4
	0.023200	10.0000	1.07221258	0.9909	1.6499	3.6620	2.3840	0.645	-0.855	-1.427	-1.528	3.15916705	4
	0.023200	10.0000	1.07231545	0.9909	1.6531	3.6617	2.3798	0.637	-0.864	-1.436	-1.537	3.15919113	4
	0.023200	10.0000	1.07241404	0.9909	1.6569	3.6614	2.3747	0.628	-0.874	-1.448	-1.549	3.15921450	4
	0.023200	10.0000	1.07251430	0.9909	1.6619	3.6610	2.3680	0.615	-0.888	-1.463	-1.564	3.15923810	4
	0.023200	10.0000	1.07261348	0.9909	1.6677	3.6605	2.3603	0.601	-0.904	-1.480	-1.582	3.15926147	4
	0.023200	10.0000	1.07271194	0.9909	1.6743	3.6599	2.3515	0.584	-0.922	-1.500	-1.602	3.15928459	4
	0.023200	10.0000	1.07281029	0.9908	1.6823	3.6592	2.3407	0.564	-0.944	-1.524	-1.627	3.15930772	4
	0.023200	10.0000	1.07290888	0.9908	1.6885	3.6587	2.3323	0.549	-0.961	-1.542	-1.646	3.15933108	4
	0.023200	10.0000	1.07300961	0.9908	1.7017	3.6576	2.3145	0.516	-0.998	-1.582	-1.687	3.15935469	4
	0.023200	10.0000	1.07310796	0.9908	1.7332	3.6547	2.2717	0.437	-1.084	-1.677	-1.784	3.15937781	4
	0.023200	10.0000	1.07317162	0.9907	1.7717	3.6512	2.2193	0.341	-1.191	-1.794	-1.904	3.15939283	4
	0.023200	10.0000	1.07320642	0.9907	1.8109	3.6477	2.1661	0.243	-1.299	-1.912	-2.025	3.15940118	4
	0.023200	10.0000	1.07322681	0.9907	1.8543	3.6439	2.1073	0.134	-1.417	-2.042	-2.159	3.15940595	4
	0.023200	10.0000	1.07323694	0.9907	1.8950	3.6403	2.0522	0.032	-1.529	-2.163	-2.284	3.15940833	4
	0.023200	10.0000	1.07324243	0.9907	1.9351	3.6368	1.9982	-0.068	-1.637	-2.283	-2.407	3.15940952	4
	0.023200	10.0000	1.07324564	0.9907	1.9745	3.6334	1.9451	-0.166	-1.745	-2.399	-2.528	3.15941024	4
	0.023200	10.0000	1.07324779	0.9907	2.0143	3.6300	1.8916	-0.266	-1.854	-2.517	-2.650	3.15941072	4
	0.023200	10.0000	1.07324886	0.9906	2.0261	3.6290	1.8756	-0.295	-1.886	-2.552	-2.686	3.15941119	5
	0.023200	10.0000	1.07324886	0.9906	2.0409	3.6277	1.8557	-0.332	-1.926	-2.596	-2.732	3.15941119	7
	0.023200	10.0000	1.07324934	0.9906	2.0530	3.6267	1.8395	-0.363	-1.959	-2.631	-2.769	3.15941119	7
	0.023200	10.0000	1.07325101	0.9906	2.0976	3.6229	1.7798	-0.474	-2.080	-2.762	-2.904	3.15941167	7
	0.023200	10.0000	1.07325244	0.9906	2.1350	3.6196	1.7293	-0.568	-2.181	-2.872	-3.019	3.15941191	7
	0.023200	10.0000	1.07325387	0.9906	2.1678	3.6168	1.6853	-0.649	-2.270	-2.968	-3.119	3.15941215	7
	0.023200	10.0000	1.07325780	0.9906	2.1751	3.6162	1.6756	-0.668	-2.290	-2.990	-3.141	3.15941310	7
	0.023200	10.0000	1.07326055	0.9906	2.1420	3.6191	1.7203	-0.585	-2.200	-2.892	-3.040	3.15941381	7
	0.023200	10.0000	1.07326746	0.9905	2.1026	3.6225	1.7734	-0.486	-2.093	-2.776	-2.919	3.15941548	7
	0.023200	10.0000	1.07333946	0.9901	2.0871	3.6238	1.7937	-0.448	-2.051	-2.731	-2.872	3.15943241	7
	0.023200	10.0000	1.07338881	0.9899	2.1256	3.6204	1.7416	-0.544	-2.155	-2.845	-2.990	3.15944409	7
	0.023200	10.0000	1.07343066	0.9896	2.1669	3.6168	1.6857	-0.647	-2.268	-2.966	-3.117	3.15945387	7
	0.023200	10.0000	1.07346559	0.9893	2.2083	3.6132	1.6297	-0.751	-2.380	-3.088	-3.244	3.15946198	7
	0.023200	10.0000	1.07349539	0.9890	2.2502	3.6095	1.5731	-0.855	-2.494	-3.211	-3.372	3.15946913	7
	0.023200	10.0000	1.07352078	0.9887	2.2920	3.6058	1.5164	-0.960	-2.607	-3.333	-3.500	3.15947509	7
	0.023200	10.0000	1.07354248	0.9884	2.3336	3.6022	1.4600	-1.064	-2.720	-3.456	-3.628	3.15948009	7
	0.023200	10.0000	1.07356179	0.9881	2.3754	3.5984	1.4029	-1.168	-2.834	-3.579	-3.757	3.15948462	7
	0.023200	10.0000	1.07357872	0.9877	2.4169	3.5946	1.3460	-1.272	-2.947	-3.701	-3.885	3.15948868	7
	0.023200	10.0000	1.07359421	0.9873	2.4583	3.5907	1.2892	-1.376	-3.059	-3.823	-4.013	3.15949225	7
	0.023200	10.0000	1.07360852	0.9869	2.4997	3.5868	1.2320	-1.479	-3.173	-3.946	-4.142	3.15949559	7
	0.023200	10.0000	1.07362187	0.9865	2.5408	3.5829	1.1747	-1.582	-3.286	-4.069	-4.270	3.15949893	7
	0.023200	10.0000	1.07363462	0.9860	2.5822	3.5788	1.1167	-1.686	-3.400	-4.192	-4.400	3.15950179	7
	0.023200	10.0000	1.07364690	0.9854	2.6244	3.5745	1.0574	-1.791	-3.516	-4.318	-4.533	3.15950465	7
	0.023200	10.0000	1.07365811	0.9848	2.6666	3.5702	0.9976	-1.897	-3.632	-4.444	-4.666	3.15950727	7
	0.023200	10.0000	1.07366836	0.9841	2.7080	3.5659	0.9386	-2.000	-3.747	-4.562	-4.795	3.15950966	7
	0.023200	10.0000	1.07367766	0.9834	2.7531	3.5610	0.8737	-2.113	-3.873	-4.691	-4.937	3.15951204	7
	0.023200	10.0000	1.07368433	0.9828	2.8005	3.5557	0.8049	-2.231	-4.004	-4.827	-5.086	3.15951347	7
	0.023200	10.0000	1.07368898	0.9823	2.8454	3.5506	0.7394	-2.343	-4.129	-4.955	-5.228	3.15951467	7
	0.023200	10.0000	1.07369280	0.9818	2.8889	3.5455	0.6753	-2.452	-4.249	-5.079	-5.366	3.15951562	7
	0.023200	10.0000	1.07369626	0.9812	2.9321	3.5404	0.6112	-2.560	-4.369	-5.203	-5.505	3.15951633	7
	0.023200	10.0000	1.07369936	0.9806	2.9729	3.5354	0.5503	-2.662	-4.483	-5.320	-5.636	3.15951705	7
	0.023200	10.0000	1.07370245	0.9799	3.0155	3.5300	0.4859	-2.769	-4.601	-5.443	-5.773	3.15951777	7
	0.023200	10.0000	1.07370543	0.9791	3.0551	3.5250	0.4257	-2.868	-4.713	-5.562	-5.901	3.15951848	7
	0.023200	10.0000	1.07370865	0.9780	3.0945	3.5198	0.3651	-2.966	-4.825	-5.680	-6.029	3.15951920	7
	0.023200	10.0000	1.07371187	0.9768	3.1320	3.5148	0.3069	-3.060	-4.929	-5.793	-6.151	3.15951991	7
	0.023200	10.0000	1.07371533	0.9753	3.1691	3.5098	0.2492	-3.153	-5.033	-5.904	-6.271	3.15952086	7
	0.023200	10.0000	1.07371914	0.9734	3.2064	3.5046	0.1905	-3.246	-5.135	-6.015	-6.392	3.15952182	7
	0.023200	10.0000	1.07372260	0.9714	3.2482	3.4987	0.1239	-3.350	-5.249	-6.141	-6.529	3.15952253	7
	0.023200	10.0000	1.07372355	0.9707	3.3019	3.4906	0.0374	-3.485	-5.393	-6.305	-6.707	3.15952277	7
	0.023200	10.0000	1.07372355	0.9707	3.3019	3.4906	0.0375	-3.485	-5.393	-6.305	-6.707	3.15952277	8
