# File generated by CMD 2.5 (http://stev.oapd.inaf.it/cmd) on Wed Jan  8 16:36:03 CET 2014
# PARSEC isochrones, release v1.1
# Basic reference: Bressan et al. (2012), MNRAS, 427, 127
# Warning: the TP-AGB phase is not included! TP-AGB tracks are in preparation by Marigo et al.
# Photometric system:  2MASS <i>JHK</i><sub>s</sub>
# BCs of Carbon stars derive from Loidl et al. (2001, A&A 342, 531)
# O-rich circumstellar dust ignored
# C-rich circumstellar dust ignored
# IMF: Chabrier (2001) lognormal 
# On RGB, assumed Reimers mass loss with efficiency eta=0.2
# Kind of output: isochrone tables
#	Isochrone  Z = 0.04800	Y = 0.33571	[M/H] = 0.576	eta_R = 0.200	Age = 	1.0000e+09 yr
#      Z	log(age/yr)	M_ini   	M_act	logL/Lo	logTe	logG	mbol    J       H       Ks	int_IMF	stage
	0.048000	9.0000	0.10000000	0.1000	-2.9137	3.4781	5.2102	12.054	10.077	9.555	9.299	1.57040203	0
	0.048000	9.0000	0.12000000	0.1200	-2.7027	3.4984	5.1595	11.527	9.601	9.081	8.834	1.74782515	0
	0.048000	9.0000	0.14000000	0.1400	-2.5471	3.5113	5.1222	11.138	9.242	8.718	8.478	1.89584959	0
	0.048000	9.0000	0.16000000	0.1600	-2.4231	3.5205	5.0934	10.828	8.952	8.425	8.190	2.02115250	0
	0.048000	9.0000	0.20000000	0.2000	-2.2281	3.5338	5.0482	10.340	8.497	7.961	7.730	2.22178221	0
	0.048000	9.0000	0.25000000	0.2500	-2.0404	3.5453	5.0036	9.871	8.058	7.510	7.282	2.40809011	0
	0.048000	9.0000	0.27179441	0.2718	-1.9620	3.5491	4.9767	9.675	7.872	7.321	7.093	2.47357392	1
	0.048000	9.0000	0.30000001	0.3000	-1.8933	3.5541	4.9708	9.503	7.703	7.145	6.927	2.54750419	1
	0.048000	9.0000	0.34999999	0.3500	-1.7678	3.5612	4.9408	9.190	7.389	6.820	6.620	2.65552020	1
	0.048000	9.0000	0.36681440	0.3668	-1.7229	3.5633	4.9245	9.077	7.275	6.703	6.508	2.68647289	1
	0.048000	9.0000	0.40000001	0.4000	-1.6420	3.5669	4.8956	8.875	7.069	6.492	6.307	2.74133730	1
	0.048000	9.0000	0.44999999	0.4500	-1.5379	3.5747	4.8737	8.615	6.804	6.216	6.050	2.81098008	1
	0.048000	9.0000	0.45768899	0.4577	-1.5189	3.5759	4.8673	8.567	6.759	6.168	6.004	2.82052183	1
	0.048000	9.0000	0.46943885	0.4694	-1.4907	3.5778	4.8576	8.497	6.695	6.097	5.937	2.83458281	1
	0.048000	9.0000	0.47603306	0.4760	-1.4750	3.5788	4.8519	8.457	6.659	6.058	5.899	2.84221220	1
	0.048000	9.0000	0.47968248	0.4797	-1.4664	3.5794	4.8489	8.436	6.640	6.037	5.879	2.84635687	1
	0.048000	9.0000	0.49634174	0.4963	-1.4310	3.5821	4.8391	8.347	6.561	5.949	5.796	2.86460996	1
	0.048000	9.0000	0.50000000	0.5000	-1.4237	3.5827	4.8375	8.329	6.546	5.932	5.779	2.86847806	1
	0.048000	9.0000	0.55000001	0.5500	-1.3062	3.5923	4.7996	8.036	6.292	5.641	5.504	2.91663504	1
	0.048000	9.0000	0.60000002	0.6000	-1.1857	3.6034	4.7613	7.734	6.038	5.356	5.232	2.95739889	1
	0.048000	9.0000	0.64999998	0.6500	-1.0630	3.6164	4.7255	7.428	5.779	5.098	4.982	2.99236870	1
	0.048000	9.0000	0.69999999	0.7000	-0.9388	3.6308	4.6911	7.117	5.517	4.851	4.744	3.02253795	1
	0.048000	9.0000	0.75000000	0.7500	-0.8125	3.6475	4.6617	6.801	5.252	4.625	4.528	3.04879928	1
	0.048000	9.0000	0.77118742	0.7712	-0.7595	3.6547	4.6495	6.669	5.140	4.535	4.442	3.05893016	1
	0.048000	9.0000	0.80000001	0.8000	-0.6897	3.6642	4.6337	6.494	4.993	4.419	4.331	3.07187057	1
	0.048000	9.0000	0.85000002	0.8500	-0.5681	3.6813	4.6066	6.190	4.741	4.223	4.144	3.09222293	1
	0.048000	9.0000	0.85230970	0.8523	-0.5626	3.6821	4.6054	6.176	4.729	4.214	4.135	3.09310389	1
	0.048000	9.0000	0.89999998	0.9000	-0.4505	3.6981	4.5811	5.896	4.501	4.038	3.967	3.11026096	1
	0.048000	9.0000	0.94999999	0.9500	-0.3375	3.7137	4.5539	5.614	4.274	3.857	3.794	3.12635612	1
	0.048000	9.0000	1.00000000	1.0000	-0.2279	3.7280	4.5239	5.340	4.053	3.677	3.620	3.14080405	1
	0.048000	9.0000	1.04999995	1.0500	-0.1223	3.7410	4.4914	5.076	3.842	3.499	3.448	3.15380883	1
	0.048000	9.0000	1.10000002	1.0999	-0.0201	3.7528	4.4565	4.820	3.635	3.321	3.275	3.16554141	1
	0.048000	9.0000	1.11291468	1.1129	0.0058	3.7556	4.4470	4.756	3.583	3.276	3.230	3.16838717	1
	0.048000	9.0000	1.14999998	1.1499	0.0783	3.7633	4.4198	4.574	3.436	3.147	3.105	3.17617631	1
	0.048000	9.0000	1.19969690	1.1996	0.1715	3.7728	4.3829	4.341	3.245	2.978	2.939	3.18580103	1
	0.048000	9.0000	1.20000005	1.1999	0.1720	3.7729	4.3827	4.340	3.243	2.977	2.938	3.18585706	1
	0.048000	9.0000	1.25914705	1.2591	0.2764	3.7830	4.3397	4.079	3.030	2.785	2.750	3.19624090	1
	0.048000	9.0000	1.27788246	1.2778	0.3079	3.7859	4.3262	4.000	2.965	2.727	2.692	3.19931149	1
	0.048000	9.0000	1.30914700	1.3091	0.3596	3.7906	4.3039	3.871	2.858	2.630	2.596	3.20421386	1
	0.048000	9.0000	1.35914695	1.3591	0.4392	3.7978	4.2693	3.672	2.694	2.481	2.449	3.21152425	1
	0.048000	9.0000	1.40914702	1.4091	0.5155	3.8045	4.2356	3.481	2.536	2.337	2.307	3.21824861	1
	0.048000	9.0000	1.42094457	1.4209	0.5332	3.8060	4.2276	3.437	2.500	2.304	2.273	3.21975708	1
	0.048000	9.0000	1.45914710	1.4591	0.5895	3.8106	4.2011	3.296	2.382	2.196	2.166	3.22445226	1
	0.048000	9.0000	1.48364139	1.4836	0.6245	3.8134	4.1845	3.209	2.309	2.128	2.099	3.22731876	1
	0.048000	9.0000	1.50914705	1.5091	0.6605	3.8161	4.1667	3.119	2.233	2.057	2.029	3.23019147	1
	0.048000	9.0000	1.53498602	1.5349	0.6963	3.8189	4.1493	3.029	2.157	1.988	1.959	3.23299146	1
	0.048000	9.0000	1.55914700	1.5591	0.7292	3.8212	4.1324	2.947	2.086	1.922	1.894	3.23551464	1
	0.048000	9.0000	1.59962142	1.5996	0.7830	3.8248	4.1042	2.813	1.970	1.813	1.786	3.23954725	1
	0.048000	9.0000	1.60914695	1.6091	0.7954	3.8256	4.0974	2.781	1.943	1.788	1.760	3.24046183	1
	0.048000	9.0000	1.63347495	1.6334	0.8270	3.8276	4.0806	2.702	1.875	1.724	1.696	3.24274015	1
	0.048000	9.0000	1.65914702	1.6591	0.8599	3.8295	4.0620	2.620	1.803	1.656	1.628	3.24505830	1
	0.048000	9.0000	1.65953112	1.6595	0.8604	3.8295	4.0617	2.619	1.802	1.655	1.627	3.24509239	1
	0.048000	9.0000	1.69698143	1.6970	0.9077	3.8323	4.0352	2.501	1.699	1.557	1.530	3.24832296	1
	0.048000	9.0000	1.70914710	1.7091	0.9229	3.8331	4.0262	2.463	1.665	1.524	1.497	3.24933648	1
	0.048000	9.0000	1.71944332	1.7194	0.9358	3.8338	4.0189	2.431	1.637	1.498	1.471	3.25018072	1
	0.048000	9.0000	1.75914705	1.7591	0.9849	3.8360	3.9883	2.308	1.526	1.391	1.364	3.25332665	1
	0.048000	9.0000	1.79508793	1.7951	1.0291	3.8378	3.9600	2.197	1.425	1.294	1.267	3.25603199	1
	0.048000	9.0000	1.80914700	1.8091	1.0464	3.8382	3.9479	2.154	1.384	1.254	1.227	3.25705576	1
	0.048000	9.0000	1.81829298	1.8183	1.0575	3.8386	3.9407	2.126	1.358	1.230	1.203	3.25771141	1
	0.048000	9.0000	1.84851539	1.8485	1.0942	3.8396	3.9152	2.034	1.272	1.145	1.119	3.25982356	1
	0.048000	9.0000	1.85914695	1.8591	1.1070	3.8398	3.9055	2.002	1.241	1.115	1.088	3.26054716	1
	0.048000	9.0000	1.88390553	1.8839	1.1367	3.8402	3.8834	1.928	1.169	1.044	1.018	3.26219463	1
	0.048000	9.0000	1.90914702	1.9091	1.1666	3.8401	3.8584	1.853	1.093	0.968	0.942	3.26382208	1
	0.048000	9.0000	1.92001641	1.9200	1.1796	3.8400	3.8479	1.821	1.061	0.936	0.909	3.26450706	1
	0.048000	9.0000	1.94925964	1.9493	1.2143	3.8391	3.8159	1.734	0.969	0.843	0.816	3.26630545	1
	0.048000	9.0000	1.95914710	1.9591	1.2260	3.8385	3.8042	1.705	0.937	0.810	0.782	3.26689887	1
	0.048000	9.0000	1.96365523	1.9637	1.2313	3.8383	3.7989	1.692	0.922	0.795	0.768	3.26716709	1
	0.048000	9.0000	1.99229205	1.9923	1.2644	3.8361	3.7634	1.609	0.828	0.697	0.669	3.26883769	1
	0.048000	9.0000	2.00914693	2.0091	1.2835	3.8344	3.7410	1.561	0.771	0.637	0.609	3.26979399	1
	0.048000	9.0000	2.02569366	2.0257	1.3024	3.8327	3.7189	1.514	0.714	0.578	0.549	3.27071381	1
	0.048000	9.0000	2.05522037	2.0552	1.3354	3.8281	3.6738	1.431	0.607	0.463	0.433	3.27230930	1
	0.048000	9.0000	2.05914688	2.0591	1.3398	3.8274	3.6674	1.421	0.592	0.447	0.417	3.27251720	1
	0.048000	9.0000	2.05991960	2.0599	1.3406	3.8272	3.6661	1.418	0.589	0.444	0.414	3.27255797	1
	0.048000	9.0000	2.08754611	2.0875	1.3702	3.8212	3.6182	1.345	0.484	0.327	0.296	3.27399182	1
	0.048000	9.0000	2.10914707	2.1091	1.3928	3.8158	3.5786	1.288	0.400	0.233	0.201	3.27508020	1
	0.048000	9.0000	2.11238837	2.1124	1.3962	3.8150	3.5726	1.279	0.388	0.219	0.186	3.27524137	1
	0.048000	9.0000	2.13831067	2.1383	1.4234	3.8081	3.5229	1.211	0.284	0.102	0.068	3.27650666	1
	0.048000	9.0000	2.15914702	2.1591	1.4473	3.8021	3.4794	1.152	0.194	0.000	-0.035	3.27749634	1
	0.048000	9.0000	2.17928314	2.1793	1.4764	3.7984	3.4397	1.079	0.103	-0.098	-0.134	3.27843070	1
	0.048000	9.0000	2.19061136	2.1906	1.5223	3.8085	3.4361	0.964	0.039	-0.141	-0.176	3.27894688	1
	0.048000	9.0000	2.19272614	2.1927	1.5460	3.8176	3.4494	0.905	0.026	-0.135	-0.168	3.27904248	1
	0.048000	9.0000	2.19370270	2.1937	1.5682	3.8271	3.4655	0.849	0.020	-0.123	-0.154	3.27908635	1
	0.048000	9.0000	2.19422340	2.1942	1.5900	3.8364	3.4809	0.795	0.016	-0.110	-0.139	3.27910995	1
	0.048000	9.0000	2.19454527	2.1945	1.6136	3.8457	3.4947	0.736	0.007	-0.101	-0.129	3.27912450	1
	0.048000	9.0000	2.19475055	2.1948	1.6394	3.8549	3.5056	0.671	-0.006	-0.098	-0.125	3.27913380	1
	0.048000	9.0000	2.19490433	2.1949	1.6651	3.8635	3.5143	0.607	-0.021	-0.098	-0.124	3.27914071	1
	0.048000	9.0000	2.19497037	2.1950	1.6727	3.8664	3.5184	0.588	-0.023	-0.096	-0.121	3.27914357	2
	0.048000	9.0000	2.19506001	2.1951	1.6397	3.8598	3.5248	0.671	0.021	-0.063	-0.089	3.27914762	2
	0.048000	9.0000	2.19512081	2.1951	1.6140	3.8513	3.5165	0.735	0.037	-0.062	-0.089	3.27915049	2
	0.048000	9.0000	2.19520330	2.1952	1.6021	3.8399	3.4830	0.765	0.005	-0.114	-0.143	3.27915406	2
	0.048000	9.0000	2.19530034	2.1953	1.6077	3.8290	3.4336	0.751	-0.069	-0.207	-0.239	3.27915835	2
	0.048000	9.0000	2.19542122	2.1954	1.6171	3.8179	3.3799	0.727	-0.150	-0.310	-0.343	3.27916384	2
	0.048000	9.0000	2.19556832	2.1956	1.6222	3.8067	3.3300	0.714	-0.220	-0.402	-0.437	3.27917051	2
	0.048000	9.0000	2.19574881	2.1957	1.6228	3.7956	3.2850	0.713	-0.277	-0.482	-0.519	3.27917862	2
	0.048000	9.0000	2.19598603	2.1960	1.6186	3.7843	3.2441	0.724	-0.321	-0.549	-0.590	3.27918935	2
	0.048000	9.0000	2.19630194	2.1963	1.6082	3.7725	3.2076	0.749	-0.350	-0.604	-0.648	3.27920365	2
	0.048000	9.0000	2.19668317	2.1967	1.5902	3.7606	3.1781	0.794	-0.359	-0.639	-0.688	3.27922058	2
	0.048000	9.0000	2.19700503	2.1970	1.5701	3.7517	3.1625	0.845	-0.349	-0.649	-0.701	3.27923512	2
	0.048000	9.0000	2.19735360	2.1974	1.5431	3.7425	3.1530	0.912	-0.319	-0.642	-0.698	3.27925086	2
	0.048000	9.0000	2.19767523	2.1977	1.5124	3.7345	3.1515	0.989	-0.276	-0.618	-0.678	3.27926517	2
	0.048000	9.0000	2.19795179	2.1980	1.4820	3.7278	3.1553	1.065	-0.227	-0.586	-0.649	3.27927756	2
	0.048000	9.0000	2.19829249	2.1983	1.4422	3.7200	3.1640	1.165	-0.158	-0.537	-0.604	3.27929306	2
	0.048000	9.0000	2.19863081	2.1986	1.4061	3.7127	3.1706	1.255	-0.095	-0.494	-0.565	3.27930808	2
	0.048000	9.0000	2.19905353	2.1991	1.3803	3.7041	3.1622	1.319	-0.062	-0.484	-0.560	3.27932715	2
	0.048000	9.0000	2.19956017	2.1996	1.3825	3.6946	3.1221	1.314	-0.100	-0.550	-0.631	3.27934980	3
	0.048000	9.0000	2.19964004	2.1996	1.3888	3.6933	3.1105	1.298	-0.120	-0.574	-0.656	3.27935338	3
	0.048000	9.0000	2.20003867	2.2000	1.4284	3.6870	3.0463	1.199	-0.239	-0.711	-0.797	3.27937126	3
	0.048000	9.0000	2.20034742	2.2003	1.4684	3.6827	2.9889	1.099	-0.353	-0.838	-0.927	3.27938509	3
	0.048000	9.0000	2.20062828	2.2006	1.5092	3.6790	2.9333	0.997	-0.468	-0.963	-1.055	3.27939773	3
	0.048000	9.0000	2.20089245	2.2009	1.5501	3.6756	2.8788	0.895	-0.582	-1.086	-1.180	3.27940941	3
	0.048000	9.0000	2.20114326	2.2011	1.5908	3.6724	2.8255	0.793	-0.693	-1.207	-1.304	3.27942061	3
	0.048000	9.0000	2.20138597	2.2014	1.6318	3.6694	2.7723	0.690	-0.804	-1.328	-1.427	3.27943158	3
	0.048000	9.0000	2.20162201	2.2016	1.6722	3.6663	2.7199	0.590	-0.913	-1.446	-1.548	3.27944207	3
	0.048000	9.0000	2.20185757	2.2019	1.7126	3.6635	2.6684	0.489	-1.022	-1.564	-1.668	3.27945256	3
	0.048000	9.0000	2.20203424	2.2020	1.7429	3.6614	2.6297	0.413	-1.104	-1.652	-1.759	3.27946043	3
	0.048000	9.0000	2.20209146	2.2021	1.7528	3.6607	2.6169	0.388	-1.131	-1.682	-1.788	3.27946305	3
	0.048000	9.0000	2.20231867	2.2023	1.7929	3.6580	2.5658	0.288	-1.239	-1.798	-1.907	3.27947330	3
	0.048000	9.0000	2.20237494	2.2024	1.8029	3.6573	2.5532	0.263	-1.266	-1.827	-1.937	3.27947569	3
	0.048000	9.0000	2.20254064	2.2025	1.8326	3.6552	2.5149	0.188	-1.347	-1.914	-2.026	3.27948308	3
	0.048000	9.0000	2.20275569	2.2028	1.8722	3.6524	2.4645	0.090	-1.454	-2.029	-2.143	3.27949286	3
	0.048000	9.0000	2.20296645	2.2030	1.9118	3.6496	2.4135	-0.009	-1.561	-2.145	-2.261	3.27950215	3
	0.048000	9.0000	2.20317388	2.2032	1.9519	3.6467	2.3619	-0.110	-1.669	-2.262	-2.381	3.27951145	3
	0.048000	9.0000	2.20337439	2.2034	1.9914	3.6438	2.3110	-0.208	-1.775	-2.377	-2.499	3.27952027	3
	0.048000	9.0000	2.20357370	2.2036	2.0314	3.6408	2.2591	-0.308	-1.882	-2.494	-2.619	3.27952933	3
	0.048000	9.0000	2.20376658	2.2038	2.0710	3.6379	2.2079	-0.407	-1.989	-2.610	-2.738	3.27953792	3
	0.048000	9.0000	2.20395541	2.2040	2.1106	3.6349	2.1563	-0.506	-2.095	-2.727	-2.857	3.27954626	3
	0.048000	9.0000	2.20416689	2.2042	2.1555	3.6315	2.0975	-0.619	-2.216	-2.859	-2.993	3.27955580	3
	0.048000	9.0000	2.20434904	2.2043	2.1946	3.6285	2.0466	-0.717	-2.322	-2.974	-3.111	3.27956390	3
	0.048000	9.0000	2.20453763	2.2045	2.2362	3.6252	1.9918	-0.821	-2.434	-3.096	-3.237	3.27957225	3
	0.048000	9.0000	2.20472932	2.2047	2.2791	3.6218	1.9353	-0.928	-2.550	-3.223	-3.367	3.27958083	3
	0.048000	9.0000	2.20491862	2.2049	2.3218	3.6185	1.8794	-1.035	-2.665	-3.348	-3.496	3.27958918	3
	0.048000	9.0000	2.20512509	2.2051	2.3671	3.6147	1.8192	-1.148	-2.788	-3.482	-3.634	3.27959847	3
	0.048000	9.0000	2.20534754	2.2053	2.4137	3.6108	1.7571	-1.264	-2.914	-3.620	-3.777	3.27960825	3
	0.048000	9.0000	2.20558548	2.2056	2.4529	3.6078	1.7057	-1.362	-3.020	-3.735	-3.895	3.27961898	4
	0.048000	9.0000	2.20561504	2.2056	2.4449	3.6084	1.7162	-1.342	-2.998	-3.711	-3.871	3.27962017	4
	0.048000	9.0000	2.20566273	2.2057	2.4086	3.6114	1.7647	-1.252	-2.900	-3.604	-3.760	3.27962232	4
	0.048000	9.0000	2.20569062	2.2057	2.3783	3.6139	1.8048	-1.176	-2.818	-3.515	-3.668	3.27962351	4
	0.048000	9.0000	2.20571899	2.2057	2.3469	3.6165	1.8465	-1.097	-2.733	-3.422	-3.572	3.27962494	4
	0.048000	9.0000	2.20576143	2.2058	2.3061	3.6198	1.9009	-0.995	-2.622	-3.301	-3.447	3.27962685	4
	0.048000	9.0000	2.20580459	2.2058	2.2703	3.6228	1.9483	-0.906	-2.526	-3.195	-3.338	3.27962875	4
	0.048000	9.0000	2.20585680	2.2059	2.2357	3.6255	1.9939	-0.819	-2.432	-3.093	-3.233	3.27963090	4
	0.048000	9.0000	2.20591807	2.2059	2.2004	3.6283	2.0403	-0.731	-2.337	-2.989	-3.126	3.27963376	4
	0.048000	9.0000	2.20598722	2.2060	2.1647	3.6311	2.0875	-0.642	-2.240	-2.883	-3.018	3.27963686	4
	0.048000	9.0000	2.20606399	2.2061	2.1286	3.6339	2.1348	-0.551	-2.143	-2.777	-2.909	3.27964020	4
	0.048000	9.0000	2.20614934	2.2061	2.0923	3.6368	2.1826	-0.461	-2.045	-2.670	-2.799	3.27964401	4
	0.048000	9.0000	2.20624661	2.2062	2.0553	3.6396	2.2309	-0.368	-1.945	-2.561	-2.687	3.27964830	4
	0.048000	9.0000	2.20639348	2.2064	2.0091	3.6431	2.2911	-0.253	-1.821	-2.425	-2.548	3.27965498	4
	0.048000	9.0000	2.20659351	2.2066	1.9609	3.6469	2.3543	-0.132	-1.691	-2.283	-2.402	3.27966380	4
	0.048000	9.0000	2.20688987	2.2069	1.9069	3.6510	2.4247	0.003	-1.545	-2.124	-2.240	3.27967691	4
	0.048000	9.0000	2.20716810	2.2072	1.8623	3.6543	2.4828	0.114	-1.424	-1.993	-2.105	3.27968931	4
	0.048000	9.0000	2.20744491	2.2074	1.8205	3.6575	2.5374	0.219	-1.310	-1.869	-1.979	3.27970147	4
	0.048000	9.0000	2.20774269	2.2077	1.7816	3.6604	2.5881	0.316	-1.204	-1.755	-1.862	3.27971482	4
	0.048000	9.0000	2.20821071	2.2082	1.7325	3.6641	2.6520	0.439	-1.071	-1.610	-1.714	3.27973557	4
	0.048000	9.0000	2.20887399	2.2089	1.6860	3.6677	2.7132	0.555	-0.944	-1.472	-1.573	3.27976489	4
	0.048000	9.0000	2.20914698	2.2091	1.6700	3.6690	2.7343	0.595	-0.901	-1.425	-1.525	3.27977705	4
	0.048000	9.0000	2.20920420	2.2092	1.6666	3.6693	2.7387	0.604	-0.892	-1.415	-1.514	3.27977967	4
	0.048000	9.0000	2.21003079	2.2100	1.6361	3.6717	2.7790	0.680	-0.808	-1.324	-1.422	3.27981639	5
	0.048000	9.0000	2.22776198	2.2278	1.6617	3.6714	2.7556	0.616	-0.874	-1.389	-1.488	3.28059363	5
	0.048000	9.0000	2.25303483	2.2530	1.6961	3.6712	2.7254	0.530	-0.961	-1.476	-1.575	3.28167558	5
	0.048000	9.0000	2.25914693	2.2591	1.7044	3.6712	2.7183	0.509	-0.981	-1.497	-1.596	3.28193283	5
	0.048000	9.0000	2.28778458	2.2878	1.7515	3.6703	2.6732	0.391	-1.102	-1.619	-1.719	3.28311467	5
	0.048000	9.0000	2.31305122	2.3131	1.8032	3.6685	2.6189	0.262	-1.237	-1.759	-1.861	3.28412724	5
	0.048000	9.0000	2.31829405	2.3183	1.8165	3.6678	2.6038	0.229	-1.272	-1.797	-1.899	3.28433394	5
	0.048000	9.0000	2.33199787	2.3320	1.8504	3.6660	2.5654	0.144	-1.362	-1.892	-1.995	3.28486872	5
	0.048000	9.0000	2.34038925	2.3404	1.8734	3.6647	2.5389	0.087	-1.423	-1.957	-2.062	3.28519249	6
	0.048000	9.0000	2.34358931	2.3436	1.8945	3.6630	2.5113	0.034	-1.481	-2.020	-2.126	3.28531504	6
	0.048000	9.0000	2.34563160	2.3456	1.9082	3.6617	2.4930	-0.000	-1.519	-2.062	-2.169	3.28539300	6
	0.048000	9.0000	2.34630108	2.3463	1.9141	3.6612	2.4852	-0.015	-1.535	-2.079	-2.187	3.28541875	7
	0.048000	9.0000	2.34846425	2.3485	1.9515	3.6581	2.4357	-0.109	-1.637	-2.191	-2.302	3.28550100	7
	0.048000	9.0000	2.34999728	2.3500	2.0719	3.6480	2.2750	-0.410	-1.967	-2.552	-2.672	3.28555942	7
	0.048000	9.0000	2.35075998	2.3508	2.0940	3.6462	2.2459	-0.465	-2.027	-2.618	-2.739	3.28558850	7
	0.048000	9.0000	2.35110426	2.3511	2.0985	3.6458	2.2399	-0.476	-2.039	-2.632	-2.753	3.28560138	7
	0.048000	9.0000	2.35129786	2.3513	2.1039	3.6453	2.2327	-0.490	-2.054	-2.648	-2.770	3.28560877	7
	0.048000	9.0000	2.35140300	2.3514	2.1098	3.6448	2.2249	-0.505	-2.070	-2.665	-2.788	3.28561282	7
	0.048000	9.0000	2.35146284	2.3515	2.1154	3.6444	2.2175	-0.518	-2.085	-2.682	-2.805	3.28561497	7
	0.048000	9.0000	2.35150981	2.3515	2.1208	3.6439	2.2103	-0.532	-2.100	-2.698	-2.821	3.28561687	7
	0.048000	9.0000	2.35157204	2.3516	2.1264	3.6435	2.2030	-0.546	-2.115	-2.714	-2.838	3.28561926	7
	0.048000	9.0000	2.35171270	2.3517	2.1201	3.6440	2.2114	-0.530	-2.098	-2.696	-2.819	3.28562450	7
	0.048000	9.0000	2.35193753	2.3519	2.1143	3.6445	2.2191	-0.516	-2.082	-2.679	-2.801	3.28563309	7
	0.048000	9.0000	2.35335493	2.3534	2.1220	3.6438	2.2091	-0.535	-2.103	-2.701	-2.825	3.28568673	7
	0.048000	9.0000	2.35591650	2.3559	2.1963	3.6375	2.1098	-0.721	-2.305	-2.924	-3.054	3.28578377	7
	0.048000	9.0000	2.35705686	2.3571	2.2606	3.6321	2.0243	-0.882	-2.479	-3.116	-3.250	3.28582668	7
	0.048000	9.0000	2.35789156	2.3579	2.3038	3.6285	1.9666	-0.990	-2.596	-3.245	-3.383	3.28585815	7
	0.048000	9.0000	2.35857034	2.3586	2.3425	3.6253	1.9152	-1.086	-2.701	-3.360	-3.501	3.28588367	7
	0.048000	9.0000	2.35914326	2.3591	2.3794	3.6222	1.8662	-1.178	-2.801	-3.469	-3.614	3.28590536	7
	0.048000	9.0000	2.35963607	2.3596	2.4194	3.6188	1.8125	-1.278	-2.910	-3.589	-3.737	3.28592396	7
	0.048000	9.0000	2.36006737	2.3601	2.4606	3.6152	1.7573	-1.382	-3.022	-3.711	-3.864	3.28594017	7
	0.048000	9.0000	2.36045003	2.3605	2.5018	3.6117	1.7021	-1.485	-3.133	-3.834	-3.990	3.28595448	7
	0.048000	9.0000	2.36079645	2.3608	2.5433	3.6082	1.6464	-1.588	-3.245	-3.957	-4.118	3.28596759	7
	0.048000	9.0000	2.36111784	2.3611	2.5857	3.6044	1.5890	-1.694	-3.360	-4.084	-4.249	3.28597951	7
	0.048000	9.0000	2.36140943	2.3614	2.6278	3.6007	1.5321	-1.800	-3.474	-4.209	-4.380	3.28599048	7
	0.048000	9.0000	2.36168504	2.3617	2.6717	3.5968	1.4729	-1.909	-3.593	-4.340	-4.515	3.28600097	7
	0.048000	9.0000	2.36194849	2.3619	2.7171	3.5926	1.4107	-2.023	-3.717	-4.477	-4.657	3.28601074	7
	0.048000	9.0000	2.36220431	2.3622	2.7642	3.5883	1.3464	-2.141	-3.845	-4.619	-4.804	3.28602028	7
	0.048000	9.0000	2.36245513	2.3625	2.8130	3.5838	1.2795	-2.262	-3.977	-4.767	-4.956	3.28602982	7
	0.048000	9.0000	2.36270380	2.3627	2.8638	3.5789	1.2092	-2.390	-4.115	-4.922	-5.116	3.28603911	7
	0.048000	9.0000	2.36293697	2.3629	2.9157	3.5738	1.1370	-2.519	-4.255	-5.081	-5.281	3.28604770	7
	0.048000	9.0000	2.36310768	2.3631	2.9621	3.5691	1.0718	-2.635	-4.382	-5.228	-5.431	3.28605413	8
