# File generated by CMD 2.5 (http://stev.oapd.inaf.it/cmd) on Wed Jan  8 16:42:08 CET 2014
# PARSEC isochrones, release v1.1
# Basic reference: Bressan et al. (2012), MNRAS, 427, 127
# Warning: the TP-AGB phase is not included! TP-AGB tracks are in preparation by Marigo et al.
# Photometric system:  2MASS <i>JHK</i><sub>s</sub>
# BCs of Carbon stars derive from Loidl et al. (2001, A&A 342, 531)
# O-rich circumstellar dust ignored
# C-rich circumstellar dust ignored
# IMF: Chabrier (2001) lognormal 
# On RGB, assumed Reimers mass loss with efficiency eta=0.2
# Kind of output: isochrone tables
#	Isochrone  Z = 0.00480	Y = 0.25735	[M/H] = -0.503	eta_R = 0.200	Age = 	1.0000e+09 yr
#      Z	log(age/yr)	M_ini   	M_act	logL/Lo	logTe	logG	mbol    J       H       Ks	int_IMF	stage
	0.004800	9.0000	0.10000000	0.1000	-2.8471	3.5294	5.3486	11.888	10.081	9.514	9.290	1.57040203	0
	0.004800	9.0000	0.12000000	0.1200	-2.5651	3.5601	5.2688	11.183	9.442	8.886	8.678	1.74782515	0
	0.004800	9.0000	0.14000000	0.1400	-2.3897	3.5745	5.2178	10.744	9.025	8.474	8.287	1.89584959	0
	0.004800	9.0000	0.16000000	0.1600	-2.2587	3.5834	5.1804	10.417	8.723	8.162	7.987	2.02115250	0
	0.004800	9.0000	0.20000000	0.2000	-2.0614	3.5947	5.1251	9.924	8.262	7.688	7.528	2.22178221	0
	0.004800	9.0000	0.25000000	0.2500	-1.8792	3.6036	5.0754	9.468	7.832	7.248	7.098	2.40809011	0
	0.004800	9.0000	0.30000001	0.3000	-1.7342	3.6099	5.0350	9.106	7.488	6.897	6.752	2.54750419	0
	0.004800	9.0000	0.31130734	0.3113	-1.6973	3.6126	5.0247	9.013	7.404	6.809	6.667	2.57428551	1
	0.004800	9.0000	0.34999999	0.3500	-1.6176	3.6150	5.0056	8.814	7.212	6.614	6.474	2.65552020	1
	0.004800	9.0000	0.37531719	0.3753	-1.5457	3.6177	4.9748	8.634	7.040	6.436	6.299	2.70127153	1
	0.004800	9.0000	0.39658844	0.3966	-1.5017	3.6197	4.9628	8.524	6.936	6.328	6.193	2.73603964	1
	0.004800	9.0000	0.40000001	0.4000	-1.4952	3.6199	4.9610	8.508	6.920	6.311	6.177	2.74133730	1
	0.004800	9.0000	0.41449142	0.4145	-1.4559	3.6219	4.9449	8.410	6.828	6.215	6.083	2.76300383	1
	0.004800	9.0000	0.44270307	0.4427	-1.3886	3.6257	4.9213	8.241	6.671	6.051	5.923	2.80166197	1
	0.004800	9.0000	0.44999999	0.4500	-1.3718	3.6265	4.9151	8.199	6.631	6.011	5.884	2.81098008	1
	0.004800	9.0000	0.46766490	0.4677	-1.3188	3.6291	4.8892	8.067	6.506	5.884	5.761	2.83249903	1
	0.004800	9.0000	0.50000000	0.5000	-1.2370	3.6346	4.8583	7.863	6.316	5.694	5.578	2.86847806	1
	0.004800	9.0000	0.55000001	0.5500	-1.0916	3.6459	4.7996	7.499	5.983	5.365	5.260	2.91663504	1
	0.004800	9.0000	0.58654851	0.5865	-0.9786	3.6570	4.7589	7.217	5.732	5.132	5.037	2.94705772	1
	0.004800	9.0000	0.60000002	0.6000	-0.9442	3.6612	4.7510	7.130	5.658	5.068	4.976	2.95739889	1
	0.004800	9.0000	0.61197901	0.6120	-0.9025	3.6653	4.7344	7.026	5.565	4.986	4.897	2.96625757	1
	0.004800	9.0000	0.64999998	0.6500	-0.7890	3.6789	4.7016	6.742	5.322	4.780	4.699	2.99236870	1
	0.004800	9.0000	0.69999999	0.7000	-0.6367	3.7030	4.6778	6.362	5.023	4.552	4.485	3.02253795	1
	0.004800	9.0000	0.70899320	0.7090	-0.6104	3.7072	4.6736	6.296	4.973	4.513	4.448	3.02752614	1
	0.004800	9.0000	0.75000000	0.7500	-0.4943	3.7259	4.6569	6.006	4.754	4.346	4.290	3.04879928	1
	0.004800	9.0000	0.80000001	0.8000	-0.3602	3.7461	4.6317	5.671	4.505	4.145	4.098	3.07187057	1
	0.004800	9.0000	0.85000002	0.8500	-0.2333	3.7637	4.6016	5.353	4.268	3.947	3.907	3.09222293	1
	0.004800	9.0000	0.89999998	0.9000	-0.1127	3.7788	4.5663	5.052	4.038	3.748	3.715	3.11026096	1
	0.004800	9.0000	0.92234528	0.9223	-0.0605	3.7848	4.5484	4.921	3.937	3.659	3.628	3.11767507	1
	0.004800	9.0000	0.94999999	0.9499	0.0026	3.7918	4.5265	4.764	3.815	3.551	3.522	3.12635612	1
	0.004800	9.0000	1.00000000	0.9999	0.1134	3.8036	4.4850	4.486	3.596	3.356	3.331	3.14080405	1
	0.004800	9.0000	1.01029646	1.0102	0.1357	3.8060	4.4766	4.431	3.553	3.317	3.292	3.14359593	1
	0.004800	9.0000	1.04999995	1.0499	0.2201	3.8148	4.4442	4.220	3.386	3.169	3.146	3.15380883	1
	0.004800	9.0000	1.08250499	1.0824	0.2870	3.8220	4.4194	4.053	3.255	3.053	3.032	3.16156936	1
	0.004800	9.0000	1.10000002	1.0999	0.3224	3.8258	4.4061	3.964	3.186	2.992	2.971	3.16554141	1
	0.004800	9.0000	1.10772693	1.1076	0.3375	3.8276	4.4011	3.926	3.158	2.967	2.946	3.16725278	1
	0.004800	9.0000	1.15538764	1.1552	0.4294	3.8382	4.3702	3.696	2.983	2.815	2.795	3.17726302	1
	0.004800	9.0000	1.17248309	1.1723	0.4617	3.8420	4.3591	3.616	2.922	2.761	2.742	3.18063974	1
	0.004800	9.0000	1.22248304	1.2223	0.5521	3.8545	4.3370	3.390	2.762	2.626	2.608	3.18993211	1
	0.004800	9.0000	1.25428712	1.2541	0.6076	3.8640	4.3309	3.251	2.674	2.558	2.541	3.19542766	1
	0.004800	9.0000	1.27248299	1.2723	0.6390	3.8694	4.3273	3.173	2.624	2.519	2.502	3.19843698	1
	0.004800	9.0000	1.31654227	1.3164	0.7128	3.8837	4.3253	2.988	2.518	2.440	2.424	3.20533490	1
	0.004800	9.0000	1.32248306	1.3223	0.7227	3.8856	4.3249	2.963	2.504	2.429	2.413	3.20622516	1
	0.004800	9.0000	1.34116673	1.3410	0.7530	3.8914	4.3239	2.887	2.461	2.397	2.381	3.20896673	1
	0.004800	9.0000	1.37248302	1.3723	0.8033	3.9008	4.3213	2.762	2.389	2.341	2.326	3.21337223	1
	0.004800	9.0000	1.40954947	1.4094	0.8612	3.9108	4.3149	2.617	2.305	2.272	2.257	3.21830058	1
	0.004800	9.0000	1.42248309	1.4223	0.8812	3.9141	4.3121	2.567	2.275	2.247	2.232	3.21995187	1
	0.004800	9.0000	1.43905640	1.4389	0.9064	3.9179	4.3071	2.504	2.235	2.212	2.197	3.22201848	1
	0.004800	9.0000	1.47179806	1.4716	0.9557	3.9248	4.2952	2.381	2.154	2.141	2.126	3.22594643	1
	0.004800	9.0000	1.47248304	1.4723	0.9567	3.9249	4.2949	2.378	2.152	2.140	2.125	3.22602630	1
	0.004800	9.0000	1.47561407	1.4754	0.9614	3.9255	4.2936	2.367	2.145	2.133	2.118	3.22639132	1
	0.004800	9.0000	1.52248299	1.5223	1.0308	3.9339	4.2713	2.193	2.026	2.023	2.009	3.23165011	1
	0.004800	9.0000	1.54792750	1.5478	1.0683	3.9379	4.2571	2.099	1.959	1.960	1.946	3.23435402	1
	0.004800	9.0000	1.57248306	1.5724	1.1045	3.9413	4.2413	2.009	1.890	1.896	1.882	3.23686957	1
	0.004800	9.0000	1.59746182	1.5974	1.1410	3.9444	4.2238	1.917	1.819	1.828	1.814	3.23933792	1
	0.004800	9.0000	1.62248302	1.6224	1.1775	3.9470	4.2046	1.826	1.745	1.757	1.743	3.24172068	1
	0.004800	9.0000	1.64483547	1.6448	1.2099	3.9490	4.1862	1.745	1.678	1.691	1.678	3.24377656	1
	0.004800	9.0000	1.67248309	1.6724	1.2501	3.9506	4.1599	1.645	1.589	1.604	1.590	3.24622917	1
	0.004800	9.0000	1.69273555	1.6927	1.2798	3.9512	4.1375	1.571	1.518	1.533	1.521	3.24796534	1
	0.004800	9.0000	1.71741748	1.7174	1.3160	3.9511	4.1073	1.480	1.428	1.443	1.430	3.25001550	1
	0.004800	9.0000	1.72248304	1.7225	1.3234	3.9509	4.1005	1.461	1.408	1.423	1.410	3.25042772	1
	0.004800	9.0000	1.74007142	1.7401	1.3490	3.9505	4.0774	1.397	1.341	1.356	1.343	3.25183654	1
	0.004800	9.0000	1.76571226	1.7657	1.3866	3.9485	4.0385	1.303	1.235	1.249	1.235	3.25383067	1
	0.004800	9.0000	1.77248299	1.7725	1.3966	3.9477	4.0267	1.278	1.204	1.217	1.204	3.25434566	1
	0.004800	9.0000	1.78517699	1.7852	1.4154	3.9460	4.0042	1.231	1.147	1.158	1.144	3.25529909	1
	0.004800	9.0000	1.81304109	1.8130	1.4563	3.9406	3.9484	1.129	1.010	1.016	1.002	3.25733590	1
	0.004800	9.0000	1.82248306	1.8225	1.4701	3.9380	3.9266	1.095	0.959	0.963	0.948	3.25800920	1
	0.004800	9.0000	1.83598435	1.8360	1.4896	3.9343	3.8954	1.046	0.886	0.887	0.871	3.25895786	1
	0.004800	9.0000	1.85692549	1.8569	1.5201	3.9258	3.8361	0.970	0.756	0.749	0.732	3.26039672	1
	0.004800	9.0000	1.87248302	1.8725	1.5426	3.9186	3.7883	0.913	0.655	0.639	0.622	3.26144099	1
	0.004800	9.0000	1.88663530	1.8866	1.5632	3.9113	3.7417	0.862	0.558	0.534	0.515	3.26237321	1
	0.004800	9.0000	1.90003085	1.9000	1.5846	3.9037	3.6927	0.808	0.458	0.424	0.404	3.26324034	1
	0.004800	9.0000	1.91273725	1.9127	1.6082	3.8987	3.6522	0.750	0.369	0.328	0.308	3.26404929	1
	0.004800	9.0000	1.91793048	1.9179	1.6273	3.9049	3.6593	0.702	0.359	0.327	0.308	3.26437640	1
	0.004800	9.0000	1.92125940	1.9213	1.6461	3.9144	3.6789	0.655	0.371	0.351	0.332	3.26458502	1
	0.004800	9.0000	1.92246163	1.9225	1.6617	3.9242	3.7031	0.616	0.393	0.385	0.368	3.26466012	1
	0.004800	9.0000	1.92248309	1.9225	1.6621	3.9245	3.7037	0.615	0.394	0.386	0.369	3.26466131	1
	0.004800	9.0000	1.92279506	1.9228	1.6677	3.9281	3.7126	0.601	0.403	0.399	0.382	3.26468086	1
	0.004800	9.0000	1.92327785	1.9233	1.6851	3.9385	3.7369	0.557	0.427	0.432	0.417	3.26471090	1
	0.004800	9.0000	1.92355227	1.9236	1.7048	3.9486	3.7577	0.508	0.443	0.458	0.445	3.26472807	1
	0.004800	9.0000	1.92372823	1.9237	1.7274	3.9585	3.7747	0.452	0.453	0.474	0.463	3.26473904	1
	0.004800	9.0000	1.92382646	1.9238	1.7359	3.9629	3.7838	0.430	0.462	0.485	0.475	3.26474524	2
	0.004800	9.0000	1.92389238	1.9239	1.7149	3.9582	3.7861	0.483	0.482	0.503	0.492	3.26474929	2
	0.004800	9.0000	1.92395067	1.9240	1.6905	3.9496	3.7762	0.544	0.486	0.501	0.488	3.26475286	2
	0.004800	9.0000	1.92402399	1.9240	1.6796	3.9381	3.7411	0.571	0.438	0.443	0.428	3.26475739	2
	0.004800	9.0000	1.92411232	1.9241	1.6886	3.9266	3.6861	0.549	0.342	0.336	0.319	3.26476288	2
	0.004800	9.0000	1.92422295	1.9242	1.7032	3.9149	3.6247	0.512	0.232	0.213	0.195	3.26476979	2
	0.004800	9.0000	1.92435396	1.9244	1.7135	3.9031	3.5671	0.486	0.133	0.100	0.080	3.26477790	2
	0.004800	9.0000	1.92450500	1.9245	1.7195	3.8912	3.5136	0.471	0.047	-0.003	-0.024	3.26478744	2
	0.004800	9.0000	1.92467523	1.9247	1.7225	3.8792	3.4626	0.464	-0.031	-0.100	-0.122	3.26479793	2
	0.004800	9.0000	1.92486191	1.9249	1.7232	3.8671	3.4135	0.462	-0.101	-0.192	-0.215	3.26480961	2
	0.004800	9.0000	1.92506015	1.9251	1.7223	3.8549	3.3659	0.464	-0.165	-0.280	-0.304	3.26482201	2
	0.004800	9.0000	1.92526412	1.9253	1.7199	3.8428	3.3196	0.470	-0.225	-0.363	-0.389	3.26483464	2
	0.004800	9.0000	1.92546821	1.9255	1.7164	3.8308	3.2756	0.479	-0.278	-0.442	-0.469	3.26484728	2
	0.004800	9.0000	1.92566848	1.9257	1.7117	3.8196	3.2351	0.491	-0.325	-0.512	-0.541	3.26485991	2
	0.004800	9.0000	1.92586386	1.9259	1.7060	3.8091	3.1992	0.505	-0.363	-0.573	-0.603	3.26487184	2
	0.004800	9.0000	1.92606795	1.9261	1.6988	3.7992	3.1666	0.523	-0.395	-0.627	-0.659	3.26488471	2
	0.004800	9.0000	1.92629671	1.9263	1.6883	3.7897	3.1390	0.549	-0.415	-0.669	-0.703	3.26489878	2
	0.004800	9.0000	1.92659009	1.9266	1.6711	3.7794	3.1155	0.592	-0.421	-0.698	-0.734	3.26491714	2
	0.004800	9.0000	1.92694509	1.9269	1.6418	3.7687	3.1019	0.665	-0.398	-0.701	-0.739	3.26493907	2
	0.004800	9.0000	1.92722833	1.9272	1.6106	3.7605	3.1005	0.743	-0.358	-0.680	-0.721	3.26495671	2
	0.004800	9.0000	1.92746460	1.9275	1.5804	3.7539	3.1042	0.819	-0.312	-0.650	-0.693	3.26497126	2
	0.004800	9.0000	1.92774892	1.9277	1.5459	3.7458	3.1064	0.905	-0.261	-0.619	-0.666	3.26498890	2
	0.004800	9.0000	1.92803192	1.9280	1.5267	3.7380	3.0944	0.953	-0.247	-0.625	-0.674	3.26500654	2
	0.004800	9.0000	1.92824399	1.9282	1.5272	3.7326	3.0725	0.952	-0.271	-0.662	-0.713	3.26501966	3
	0.004800	9.0000	1.92846715	1.9285	1.5449	3.7280	3.0365	0.908	-0.335	-0.737	-0.790	3.26503348	3
	0.004800	9.0000	1.92883849	1.9288	1.5870	3.7219	2.9701	0.803	-0.465	-0.884	-0.939	3.26505661	3
	0.004800	9.0000	1.92920923	1.9292	1.6333	3.7175	2.9060	0.687	-0.598	-1.029	-1.086	3.26507950	3
	0.004800	9.0000	1.92957926	1.9296	1.6797	3.7138	2.8450	0.571	-0.728	-1.169	-1.228	3.26510239	3
	0.004800	9.0000	1.92994869	1.9299	1.7263	3.7104	2.7850	0.454	-0.858	-1.308	-1.369	3.26512527	3
	0.004800	9.0000	1.93031752	1.9303	1.7734	3.7072	2.7250	0.336	-0.989	-1.448	-1.510	3.26514792	3
	0.004800	9.0000	1.93068564	1.9307	1.8211	3.7041	2.6649	0.217	-1.120	-1.588	-1.651	3.26517081	3
	0.004800	9.0000	1.93097973	1.9310	1.8590	3.7015	2.6169	0.122	-1.225	-1.700	-1.764	3.26518893	3
	0.004800	9.0000	1.93105257	1.9311	1.8684	3.7010	2.6052	0.099	-1.251	-1.727	-1.792	3.26519346	3
	0.004800	9.0000	1.93141675	1.9314	1.9145	3.6980	2.5475	-0.016	-1.376	-1.861	-1.927	3.26521587	3
	0.004800	9.0000	1.93177629	1.9318	1.9594	3.6952	2.4913	-0.129	-1.498	-1.992	-2.059	3.26523805	3
	0.004800	9.0000	1.93213546	1.9321	2.0045	3.6923	2.4348	-0.241	-1.621	-2.123	-2.192	3.26526022	3
	0.004800	9.0000	1.93249393	1.9325	2.0497	3.6894	2.3779	-0.354	-1.744	-2.255	-2.326	3.26528239	3
	0.004800	9.0000	1.93291509	1.9329	2.1036	3.6858	2.3097	-0.489	-1.891	-2.413	-2.486	3.26530838	3
	0.004800	9.0000	1.93322611	1.9332	2.1437	3.6830	2.2588	-0.589	-2.001	-2.531	-2.606	3.26532745	3
	0.004800	9.0000	1.93360078	1.9336	2.1927	3.6797	2.1963	-0.712	-2.135	-2.676	-2.752	3.26535058	3
	0.004800	9.0000	1.93391919	1.9339	2.2352	3.6767	2.1420	-0.818	-2.252	-2.801	-2.879	3.26537013	3
	0.004800	9.0000	1.93423140	1.9342	2.2778	3.6737	2.0873	-0.925	-2.368	-2.927	-3.007	3.26538944	3
	0.004800	9.0000	1.93456578	1.9346	2.3242	3.6703	2.0275	-1.040	-2.493	-3.064	-3.147	3.26540995	3
	0.004800	9.0000	1.93485820	1.9349	2.3661	3.6672	1.9735	-1.145	-2.607	-3.188	-3.273	3.26542783	3
	0.004800	9.0000	1.93516135	1.9352	2.4097	3.6640	1.9169	-1.254	-2.725	-3.318	-3.404	3.26544642	3
	0.004800	9.0000	1.93548453	1.9355	2.4557	3.6605	1.8572	-1.369	-2.850	-3.454	-3.543	3.26546645	3
	0.004800	9.0000	1.93584073	1.9358	2.4984	3.6573	1.8016	-1.476	-2.966	-3.581	-3.672	3.26548815	4
	0.004800	9.0000	1.93589842	1.9359	2.4568	3.6605	1.8559	-1.372	-2.853	-3.457	-3.546	3.26549172	4
	0.004800	9.0000	1.93591082	1.9359	2.4313	3.6624	1.8893	-1.308	-2.783	-3.381	-3.469	3.26549268	4
	0.004800	9.0000	1.93592298	1.9359	2.3990	3.6649	1.9316	-1.228	-2.696	-3.285	-3.371	3.26549339	4
	0.004800	9.0000	1.93594193	1.9359	2.3544	3.6682	1.9895	-1.116	-2.575	-3.153	-3.236	3.26549459	4
	0.004800	9.0000	1.93596911	1.9360	2.3065	3.6718	2.0516	-0.996	-2.445	-3.011	-3.092	3.26549625	4
	0.004800	9.0000	1.93600953	1.9360	2.2584	3.6754	2.1141	-0.876	-2.314	-2.868	-2.946	3.26549864	4
	0.004800	9.0000	1.93606877	1.9361	2.2105	3.6788	2.1757	-0.756	-2.183	-2.726	-2.802	3.26550221	4
	0.004800	9.0000	1.93615150	1.9362	2.1623	3.6823	2.2378	-0.636	-2.050	-2.582	-2.657	3.26550722	4
	0.004800	9.0000	1.93626165	1.9363	2.1144	3.6858	2.2996	-0.516	-1.919	-2.440	-2.513	3.26551414	4
	0.004800	9.0000	1.93641627	1.9364	2.0668	3.6890	2.3604	-0.397	-1.788	-2.300	-2.371	3.26552367	4
	0.004800	9.0000	1.93670976	1.9367	2.0189	3.6925	2.4220	-0.277	-1.657	-2.158	-2.227	3.26554155	4
	0.004800	9.0000	1.93744636	1.9374	1.9575	3.6967	2.5006	-0.124	-1.488	-1.977	-2.044	3.26558685	4
	0.004800	9.0000	1.93775940	1.9378	1.9189	3.6993	2.5497	-0.027	-1.383	-1.864	-1.929	3.26560593	4
	0.004800	9.0000	1.93817568	1.9382	1.8702	3.7027	2.6120	0.094	-1.248	-1.720	-1.784	3.26563144	4
	0.004800	9.0000	1.93875265	1.9388	1.8186	3.7063	2.6779	0.223	-1.106	-1.567	-1.629	3.26566672	4
	0.004800	9.0000	1.93933499	1.9393	1.7788	3.7091	2.7294	0.323	-0.995	-1.448	-1.509	3.26570225	4
	0.004800	9.0000	1.94025671	1.9403	1.7315	3.7128	2.7915	0.441	-0.862	-1.306	-1.365	3.26575875	4
	0.004800	9.0000	1.94187391	1.9419	1.6801	3.7174	2.8617	0.570	-0.716	-1.147	-1.204	3.26585722	4
	0.004800	9.0000	1.94456327	1.9446	1.6490	3.7217	2.9105	0.648	-0.621	-1.040	-1.096	3.26602101	5
	0.004800	9.0000	1.94936812	1.9494	1.6586	3.7217	2.9022	0.624	-0.645	-1.064	-1.120	3.26631188	5
	0.004800	9.0000	1.97248304	1.9725	1.7062	3.7225	2.8626	0.504	-0.762	-1.178	-1.233	3.26768827	5
	0.004800	9.0000	1.97823095	1.9782	1.7188	3.7227	2.8520	0.473	-0.793	-1.208	-1.264	3.26802468	5
	0.004800	9.0000	2.00230598	2.0023	1.7783	3.7230	2.7994	0.324	-0.940	-1.354	-1.410	3.26940823	5
	0.004800	9.0000	2.02248287	2.0225	1.8326	3.7230	2.7493	0.189	-1.076	-1.490	-1.546	3.27053666	5
	0.004800	9.0000	2.02756357	2.0276	1.8466	3.7230	2.7361	0.153	-1.112	-1.526	-1.581	3.27081656	5
	0.004800	9.0000	2.04664755	2.0466	1.8996	3.7221	2.6837	0.021	-1.248	-1.664	-1.720	3.27185202	5
	0.004800	9.0000	2.05575037	2.0558	1.9243	3.7213	2.6579	-0.041	-1.313	-1.731	-1.787	3.27233744	6
	0.004800	9.0000	2.06871510	2.0687	1.9585	3.7186	2.6154	-0.126	-1.409	-1.835	-1.892	3.27301955	6
	0.004800	9.0000	2.07248282	2.0725	1.9738	3.7171	2.5953	-0.164	-1.453	-1.882	-1.940	3.27321577	6
	0.004800	9.0000	2.07709336	2.0771	1.9936	3.7151	2.5684	-0.214	-1.510	-1.945	-2.004	3.27345490	6
	0.004800	9.0000	2.08273149	2.0827	1.9984	3.7138	2.5594	-0.226	-1.527	-1.966	-2.025	3.27374530	6
	0.004800	9.0000	2.08545327	2.0855	2.0272	3.7081	2.5085	-0.298	-1.621	-2.076	-2.138	3.27388477	6
	0.004800	9.0000	2.08570075	2.0857	2.0328	3.7072	2.4993	-0.312	-1.639	-2.096	-2.158	3.27389741	7
	0.004800	9.0000	2.08630633	2.0863	2.0689	3.7028	2.4458	-0.402	-1.746	-2.216	-2.279	3.27392840	7
	0.004800	9.0000	2.08663845	2.0866	2.1388	3.6962	2.3493	-0.577	-1.945	-2.434	-2.501	3.27394533	7
	0.004800	9.0000	2.08675027	2.0868	2.1776	3.6927	2.2965	-0.674	-2.054	-2.554	-2.623	3.27395105	7
	0.004800	9.0000	2.08681464	2.0868	2.2069	3.6902	2.2573	-0.747	-2.136	-2.643	-2.713	3.27395439	7
	0.004800	9.0000	2.08695817	2.0870	2.2090	3.6901	2.2549	-0.753	-2.141	-2.649	-2.719	3.27396178	7
	0.004800	9.0000	2.08790350	2.0879	2.2044	3.6904	2.2610	-0.741	-2.129	-2.635	-2.705	3.27400994	7
	0.004800	9.0000	2.08883643	2.0888	2.2295	3.6883	2.2277	-0.804	-2.199	-2.711	-2.783	3.27405763	7
	0.004800	9.0000	2.08995986	2.0900	2.2695	3.6850	2.1749	-0.904	-2.310	-2.833	-2.906	3.27411485	7
	0.004800	9.0000	2.09074473	2.0907	2.3149	3.6814	2.1149	-1.017	-2.436	-2.970	-3.046	3.27415466	7
	0.004800	9.0000	2.09128237	2.0913	2.3586	3.6779	2.0574	-1.126	-2.557	-3.102	-3.179	3.27418208	7
	0.004800	9.0000	2.09158468	2.0916	2.3925	3.6752	2.0127	-1.211	-2.651	-3.204	-3.283	3.27419734	7
	0.004800	9.0000	2.09183407	2.0918	2.4226	3.6727	1.9728	-1.287	-2.733	-3.295	-3.376	3.27420998	7
	0.004800	9.0000	2.09214044	2.0921	2.4574	3.6700	1.9270	-1.374	-2.828	-3.399	-3.482	3.27422571	7
	0.004800	9.0000	2.09246778	2.0925	2.4966	3.6668	1.8755	-1.471	-2.935	-3.517	-3.601	3.27424216	7
	0.004800	9.0000	2.09277296	2.0928	2.5365	3.6636	1.8225	-1.571	-3.045	-3.637	-3.724	3.27425766	7
	0.004800	9.0000	2.09306169	2.0931	2.5776	3.6603	1.7682	-1.674	-3.157	-3.761	-3.850	3.27427244	7
	0.004800	9.0000	2.09332657	2.0933	2.6189	3.6569	1.7135	-1.777	-3.270	-3.885	-3.976	3.27428579	7
	0.004800	9.0000	2.09357619	2.0936	2.6606	3.6534	1.6578	-1.882	-3.384	-4.011	-4.105	3.27429843	7
	0.004800	9.0000	2.09381008	2.0938	2.7022	3.6500	1.6027	-1.985	-3.498	-4.136	-4.232	3.27431035	7
	0.004800	9.0000	2.09403229	2.0940	2.7435	3.6466	1.5478	-2.089	-3.609	-4.260	-4.359	3.27432156	7
	0.004800	9.0000	2.09424973	2.0942	2.7848	3.6431	1.4927	-2.192	-3.720	-4.384	-4.486	3.27433252	7
	0.004800	9.0000	2.09446836	2.0945	2.8265	3.6397	1.4374	-2.296	-3.833	-4.509	-4.614	3.27434373	7
	0.004800	9.0000	2.09469175	2.0947	2.8703	3.6360	1.3789	-2.406	-3.951	-4.641	-4.749	3.27435493	7
	0.004800	9.0000	2.09491277	2.0949	2.9220	3.6316	1.3096	-2.535	-4.091	-4.797	-4.908	3.27436614	8
